#Time (us) ; Current (mA) ; Voltage (V) ; PC ; IRQ 
205742000 ; 0.00209659 ; 3.28819 ; 0 ; 0
205839000 ; 0.000223574 ; 3.28842 ; 0 ; 0
205941000 ; 0.0013718 ; 3.28819 ; 0 ; 0
206030000 ; 0.00106662 ; 3.29002 ; 0 ; 0
206120000 ; 0.00132984 ; 3.28812 ; 0 ; 0
206202000 ; 0.00159305 ; 3.28781 ; 0 ; 0
206301000 ; 0.0015015 ; 3.28819 ; 0 ; 0
206386000 ; 0.000692782 ; 3.28812 ; 0 ; 0
206475000 ; 0.00166172 ; 3.29048 ; 0 ; 0
206564000 ; 0.000788149 ; 3.28789 ; 0 ; 0
206653000 ; 16.1856 ; 3.29132 ; 0 ; 0
206750000 ; 0.00083774 ; 3.2885 ; 0 ; 0
206838000 ; 0.0011124 ; 3.29041 ; 0 ; 0
206925000 ; 0.00161212 ; 3.29063 ; 0 ; 0
207014000 ; 0.00040668 ; 3.28827 ; 0 ; 0
207102000 ; 0.00174564 ; 3.28812 ; 0 ; 0
207191000 ; 0.00162738 ; 3.28857 ; 0 ; 0
207281000 ; 0.000620303 ; 3.28857 ; 0 ; 0
207371000 ; 0.00133365 ; 3.29063 ; 0 ; 0
207457000 ; 16.0091 ; 3.29399 ; 0 ; 0
207545000 ; 16.0103 ; 3.29292 ; 0 ; 0
207632000 ; 16.042 ; 3.29353 ; 0 ; 0
207720000 ; 16.0517 ; 3.29163 ; 0 ; 0
207816000 ; 16.0724 ; 3.29185 ; 0 ; 0
207901000 ; 0.00228351 ; 3.28957 ; 0 ; 0
207988000 ; 0.00158924 ; 3.2885 ; 0 ; 0
208080000 ; 0.00144809 ; 3.28812 ; 0 ; 0
208164000 ; 0.000833926 ; 3.29109 ; 0 ; 0
208262000 ; 16.115 ; 3.2914 ; 0 ; 0
208355000 ; -9.68603e-05 ; 3.28842 ; 0 ; 0
208444000 ; 0.000597415 ; 3.28865 ; 0 ; 0
208535000 ; 0.00134128 ; 3.28873 ; 0 ; 0
208620000 ; 0.00205844 ; 3.28827 ; 0 ; 0
208713000 ; 0.000685153 ; 3.28857 ; 0 ; 0
208803000 ; 0.00108188 ; 3.28835 ; 0 ; 0
208901000 ; 16.1126 ; 3.29117 ; 0 ; 0
208990000 ; 16.1065 ; 3.2914 ; 0 ; 0
209079000 ; 16.1296 ; 3.29155 ; 0 ; 0
209167000 ; 16.1454 ; 3.2914 ; 0 ; 0
209260000 ; 16.1625 ; 3.29361 ; 0 ; 0
209357000 ; 0.00196308 ; 3.29109 ; 0 ; 0
209440000 ; 0.00110477 ; 3.28896 ; 0 ; 0
209526000 ; 0.00140995 ; 3.29086 ; 0 ; 0
209620000 ; 0.000692782 ; 3.28812 ; 0 ; 0
209706000 ; 0.00188678 ; 3.2885 ; 0 ; 0
209791000 ; 0.00145572 ; 3.2885 ; 0 ; 0
209894000 ; 16.4267 ; 3.29071 ; 0 ; 0
209985000 ; 16.5947 ; 3.29178 ; 0 ; 0
210069000 ; 16.5399 ; 3.29422 ; 0 ; 0
210152000 ; 16.5825 ; 3.29224 ; 0 ; 0
210245000 ; 16.6105 ; 3.29178 ; 0 ; 0
210340000 ; 0.00198596 ; 3.28949 ; 0 ; 0
210427000 ; 0.00167316 ; 3.29071 ; 0 ; 0
210514000 ; 0.00195926 ; 3.29147 ; 0 ; 0
210600000 ; 0.00107807 ; 3.28865 ; 0 ; 0
210699000 ; 0.00162738 ; 3.28819 ; 0 ; 0
210782000 ; 15.9519 ; 3.2914 ; 0 ; 0
210878000 ; 4.42835e-05 ; 3.29193 ; 0 ; 0
210961000 ; 0.000994143 ; 3.2885 ; 0 ; 0
211055000 ; 0.00147479 ; 3.28865 ; 0 ; 0
211143000 ; 0.0011124 ; 3.28796 ; 0 ; 0
211231000 ; 0.00262302 ; 3.29117 ; 0 ; 0
211326000 ; 0.00214618 ; 3.28865 ; 0 ; 0
211415000 ; 0.00145572 ; 3.2885 ; 0 ; 0
211501000 ; 0.00110095 ; 3.28835 ; 0 ; 0
211586000 ; 0.00212329 ; 3.28835 ; 0 ; 0
211668000 ; 0.000784335 ; 3.28865 ; 0 ; 0
211758000 ; 16.3621 ; 3.29361 ; 0 ; 0
211841000 ; 0.00224155 ; 3.29109 ; 0 ; 0
211929000 ; 0.0011391 ; 3.28819 ; 0 ; 0
212016000 ; 0.00159687 ; 3.28865 ; 0 ; 0
212109000 ; 0.00131839 ; 3.28827 ; 0 ; 0
212207000 ; 0.00120777 ; 3.28857 ; 0 ; 0
212306000 ; 0.00097507 ; 3.28865 ; 0 ; 0
212399000 ; 0.00126499 ; 3.28827 ; 0 ; 0
212490000 ; 0.00157016 ; 3.28835 ; 0 ; 0
212586000 ; 16.5764 ; 3.29155 ; 0 ; 0
212672000 ; 16.5362 ; 3.29132 ; 0 ; 0
212767000 ; 16.5594 ; 3.29178 ; 0 ; 0
212849000 ; 16.5703 ; 3.29147 ; 0 ; 0
212938000 ; 16.5959 ; 3.29185 ; 0 ; 0
213036000 ; 0.00187534 ; 3.28842 ; 0 ; 0
213123000 ; 0.0012688 ; 3.28835 ; 0 ; 0
213212000 ; 0.00146335 ; 3.29048 ; 0 ; 0
213305000 ; 0.00118869 ; 3.29018 ; 0 ; 0
213395000 ; 0.0011124 ; 3.28857 ; 0 ; 0
213483000 ; 16.3816 ; 3.28926 ; 0 ; 0
213570000 ; 16.5618 ; 3.29185 ; 0 ; 0
213657000 ; 16.5996 ; 3.29216 ; 0 ; 0
213745000 ; 16.6276 ; 3.29437 ; 0 ; 0
213841000 ; 16.6373 ; 3.29193 ; 0 ; 0
213936000 ; 0.00403827 ; 3.29002 ; 0 ; 0
214024000 ; 0.00150913 ; 3.28842 ; 0 ; 0
214114000 ; 0.00190204 ; 3.29079 ; 0 ; 0
214206000 ; 0.002047 ; 3.29147 ; 0 ; 0
214297000 ; 0.001944 ; 3.28911 ; 0 ; 0
214386000 ; 0.000402865 ; 3.28903 ; 0 ; 0
214475000 ; 0.00236743 ; 3.28819 ; 0 ; 0
214565000 ; 0.000868258 ; 3.28987 ; 0 ; 0
214657000 ; 0.00182956 ; 3.29048 ; 0 ; 0
214747000 ; 0.00120395 ; 3.28827 ; 0 ; 0
214831000 ; 0.000788149 ; 3.28941 ; 0 ; 0
214930000 ; 0.00123828 ; 3.28873 ; 0 ; 0
215019000 ; 0.00198978 ; 3.28842 ; 0 ; 0
215109000 ; 7.4801e-05 ; 3.2888 ; 0 ; 0
215198000 ; 0.000986514 ; 3.28857 ; 0 ; 0
215287000 ; 0.00245136 ; 3.29117 ; 0 ; 0
215369000 ; 0.00213474 ; 3.28949 ; 0 ; 0
215457000 ; 0.00144428 ; 3.28804 ; 0 ; 0
215545000 ; 0.00210041 ; 3.28842 ; 0 ; 0
215633000 ; 0.00115436 ; 3.28857 ; 0 ; 0
215720000 ; 0.00156635 ; 3.28857 ; 0 ; 0
215819000 ; 0.00214237 ; 3.28819 ; 0 ; 0
215922000 ; 0.00173419 ; 3.28873 ; 0 ; 0
216009000 ; 0.00172656 ; 3.2888 ; 0 ; 0
216096000 ; 0.00144046 ; 3.28857 ; 0 ; 0
216182000 ; 0.00153202 ; 3.28842 ; 0 ; 0
216275000 ; 0.00213474 ; 3.28842 ; 0 ; 0
216362000 ; 0.00161975 ; 3.29056 ; 0 ; 0
216456000 ; 0.00236362 ; 3.28842 ; 0 ; 0
216546000 ; 0.00149387 ; 3.2885 ; 0 ; 0
216631000 ; 0.00226444 ; 3.28842 ; 0 ; 0
216727000 ; 0.00152057 ; 3.28796 ; 0 ; 0
216816000 ; 0.000757632 ; 3.28911 ; 0 ; 0
216904000 ; 0.00128406 ; 3.29117 ; 0 ; 0
216994000 ; 0.00123828 ; 3.28827 ; 0 ; 0
217084000 ; 0.00179141 ; 3.2901 ; 0 ; 0
217172000 ; 0.00144046 ; 3.28873 ; 0 ; 0
217267000 ; 0.00167697 ; 3.2901 ; 0 ; 0
217356000 ; 0.000814852 ; 3.28857 ; 0 ; 0
217444000 ; 0.000788149 ; 3.28827 ; 0 ; 0
217531000 ; 0.00130695 ; 3.28835 ; 0 ; 0
217629000 ; 0.00107807 ; 3.28873 ; 0 ; 0
217720000 ; 0.00218433 ; 3.2888 ; 0 ; 0
217806000 ; 0.00120014 ; 3.28865 ; 0 ; 0
217890000 ; 0.00166553 ; 3.28835 ; 0 ; 0
217979000 ; 0.00141376 ; 3.28827 ; 0 ; 0
218074000 ; 0.00106281 ; 3.28812 ; 0 ; 0
218161000 ; 0.00091022 ; 3.28857 ; 0 ; 0
218244000 ; 0.0016579 ; 3.28857 ; 0 ; 0
218336000 ; 0.00107807 ; 3.28835 ; 0 ; 0
218436000 ; 0.00173419 ; 3.28835 ; 0 ; 0
218527000 ; 0.0017876 ; 3.29071 ; 0 ; 0
218615000 ; 0.0012955 ; 3.28796 ; 0 ; 0
218703000 ; 0.00103229 ; 3.28827 ; 0 ; 0
218793000 ; 0.00116199 ; 3.28995 ; 0 ; 0
218880000 ; 0.000635562 ; 3.2885 ; 0 ; 0
218966000 ; 0.00132984 ; 3.28857 ; 0 ; 0
219057000 ; 0.00101322 ; 3.28857 ; 0 ; 0
219141000 ; 0.00134128 ; 3.28888 ; 0 ; 0
219229000 ; 0.000841555 ; 3.29048 ; 0 ; 0
219322000 ; 0.0020203 ; 3.28857 ; 0 ; 0
219425000 ; 0.00198215 ; 3.28964 ; 0 ; 0
219507000 ; 0.00141376 ; 3.28896 ; 0 ; 0
219600000 ; 0.00166172 ; 3.28857 ; 0 ; 0
219688000 ; 0.00166934 ; 3.28819 ; 0 ; 0
219780000 ; 0.00184864 ; 3.28812 ; 0 ; 0
219872000 ; 0.00116199 ; 3.28857 ; 0 ; 0
219955000 ; 0.000299868 ; 3.28857 ; 0 ; 0
220057000 ; 0.000753817 ; 3.28926 ; 0 ; 0
220142000 ; 0.00203556 ; 3.28911 ; 0 ; 0
220229000 ; 0.00170368 ; 3.2885 ; 0 ; 0
220316000 ; 0.00215 ; 3.28873 ; 0 ; 0
220399000 ; 0.00217288 ; 3.2888 ; 0 ; 0
220482000 ; 0.000860629 ; 3.29109 ; 0 ; 0
220576000 ; 0.00126117 ; 3.28934 ; 0 ; 0
220664000 ; 0.00189441 ; 3.28812 ; 0 ; 0
220752000 ; 0.000997958 ; 3.28827 ; 0 ; 0
220839000 ; 0.0018906 ; 3.2885 ; 0 ; 0
220946000 ; 0.00170368 ; 3.28857 ; 0 ; 0
221030000 ; 0.00217288 ; 3.2885 ; 0 ; 0
221118000 ; 0.00180667 ; 3.29109 ; 0 ; 0
221212000 ; 0.00107044 ; 3.2885 ; 0 ; 0
221307000 ; 0.000753817 ; 3.28827 ; 0 ; 0
221403000 ; 0.00115818 ; 3.28827 ; 0 ; 0
221491000 ; 0.00170368 ; 3.28819 ; 0 ; 0
221578000 ; 0.000971255 ; 3.28827 ; 0 ; 0
221673000 ; 0.00167697 ; 3.28857 ; 0 ; 0
221764000 ; 0.00131076 ; 3.29308 ; 0 ; 0
221858000 ; 0.00135272 ; 3.2885 ; 0 ; 0
221950000 ; 0.00205844 ; 3.28812 ; 0 ; 0
222037000 ; 0.00124591 ; 3.28819 ; 0 ; 0
222126000 ; 0.00144809 ; 3.28827 ; 0 ; 0
222224000 ; 0.0010094 ; 3.28911 ; 0 ; 0
222315000 ; 0.000841555 ; 3.28819 ; 0 ; 0
222403000 ; 0.000914034 ; 3.29185 ; 0 ; 0
222501000 ; 0.000761447 ; 3.28827 ; 0 ; 0
222590000 ; 0.000921664 ; 3.28812 ; 0 ; 0
222688000 ; 0.000627932 ; 3.28812 ; 0 ; 0
222786000 ; 0.000627932 ; 3.28796 ; 0 ; 0
222874000 ; 0.00193637 ; 3.29063 ; 0 ; 0
222968000 ; 0.00178379 ; 3.28812 ; 0 ; 0
223052000 ; 0.000925479 ; 3.28796 ; 0 ; 0
223149000 ; 0.00109333 ; 3.28827 ; 0 ; 0
223244000 ; 0.00183338 ; 3.28827 ; 0 ; 0
223328000 ; 0.00253147 ; 3.28812 ; 0 ; 0
223419000 ; 0.00158161 ; 3.28819 ; 0 ; 0
223505000 ; 0.00172656 ; 3.28789 ; 0 ; 0
223593000 ; 0.00137561 ; 3.28819 ; 0 ; 0
223683000 ; 0.000971255 ; 3.293 ; 0 ; 0
223779000 ; 0.00109333 ; 3.28804 ; 0 ; 0
223868000 ; 0.00133747 ; 3.28979 ; 0 ; 0
223950000 ; 0.00120014 ; 3.28842 ; 0 ; 0
224039000 ; 0.000948367 ; 3.28835 ; 0 ; 0
224136000 ; 0.000879702 ; 3.28819 ; 0 ; 0
224226000 ; 0.000971255 ; 3.28857 ; 0 ; 0
224316000 ; 0.00112384 ; 3.2885 ; 0 ; 0
224405000 ; 0.00173038 ; 3.29041 ; 0 ; 0
224497000 ; 0.00140613 ; 3.29063 ; 0 ; 0
224591000 ; 0.00152439 ; 3.28835 ; 0 ; 0
224685000 ; 0.00191349 ; 3.28842 ; 0 ; 0
224781000 ; 0.00110477 ; 3.28827 ; 0 ; 0
224865000 ; 0.00186771 ; 3.28796 ; 0 ; 0
224951000 ; 0.00210803 ; 3.28842 ; 0 ; 0
225034000 ; 0.00167316 ; 3.28789 ; 0 ; 0
225123000 ; 0.00146717 ; 3.28835 ; 0 ; 0
225213000 ; 0.00129169 ; 3.28804 ; 0 ; 0
225306000 ; 0.00215381 ; 3.28842 ; 0 ; 0
