#Time (us) ; Current (mA) ; Voltage (V) ; PC ; IRQ 
2514812000 ; 4.38313 ; 3.28972 ; 0 ; 0
2514901000 ; 4.37461 ; 3.28972 ; 0 ; 0
2514993000 ; 4.37339 ; 3.28979 ; 0 ; 0
2515082000 ; 4.37339 ; 3.28987 ; 0 ; 0
2515171000 ; 4.37948 ; 3.28949 ; 0 ; 0
2515260000 ; 4.388 ; 3.29002 ; 0 ; 0
2515349000 ; 4.37096 ; 3.29193 ; 0 ; 0
2515445000 ; 4.37461 ; 3.28941 ; 0 ; 0
2515527000 ; 4.35878 ; 3.29018 ; 0 ; 0
2515614000 ; 4.37583 ; 3.28972 ; 0 ; 0
2515709000 ; 4.36609 ; 3.28941 ; 0 ; 0
2515798000 ; 4.37461 ; 3.28964 ; 0 ; 0
2515886000 ; 15.7006 ; 3.29399 ; 0 ; 0
2515976000 ; 4.36487 ; 3.29002 ; 0 ; 0
2516058000 ; 4.36609 ; 3.28987 ; 0 ; 0
2516146000 ; 4.34417 ; 3.2901 ; 0 ; 0
2516234000 ; 4.35635 ; 3.28941 ; 0 ; 0
2516324000 ; 4.36243 ; 3.28949 ; 0 ; 0
2516412000 ; 4.35635 ; 3.28957 ; 0 ; 0
2516501000 ; 15.7505 ; 3.29254 ; 0 ; 0
2516595000 ; 15.7237 ; 3.29269 ; 0 ; 0
2516680000 ; 15.7383 ; 3.29468 ; 0 ; 0
2516768000 ; 15.7432 ; 3.29445 ; 0 ; 0
2516857000 ; 15.7724 ; 3.29277 ; 0 ; 0
2516941000 ; 4.36365 ; 3.29201 ; 0 ; 0
2517029000 ; 15.697 ; 3.29353 ; 0 ; 0
2517117000 ; 15.6592 ; 3.29269 ; 0 ; 0
2517206000 ; 15.6604 ; 3.29247 ; 0 ; 0
2517295000 ; 15.6921 ; 3.29483 ; 0 ; 0
2517383000 ; 15.7189 ; 3.2933 ; 0 ; 0
2517479000 ; 4.37096 ; 3.29132 ; 0 ; 0
2517566000 ; 4.36243 ; 3.29208 ; 0 ; 0
2517654000 ; 15.6921 ; 3.29285 ; 0 ; 0
2517742000 ; 4.35635 ; 3.28995 ; 0 ; 0
2517836000 ; 4.32956 ; 3.28964 ; 0 ; 0
2517928000 ; 4.33078 ; 3.28987 ; 0 ; 0
2518023000 ; 4.332 ; 3.28972 ; 0 ; 0
2518111000 ; 4.32713 ; 3.28964 ; 0 ; 0
2518200000 ; 4.34539 ; 3.28987 ; 0 ; 0
2518287000 ; 4.34539 ; 3.29002 ; 0 ; 0
2518376000 ; 4.34417 ; 3.29132 ; 0 ; 0
2518471000 ; 4.33808 ; 3.29025 ; 0 ; 0
2518567000 ; 4.34174 ; 3.28949 ; 0 ; 0
2518656000 ; 4.35148 ; 3.28979 ; 0 ; 0
2518741000 ; 15.6799 ; 3.29254 ; 0 ; 0
2518836000 ; 4.34782 ; 3.28964 ; 0 ; 0
2518920000 ; 4.37461 ; 3.29018 ; 0 ; 0
2519015000 ; 4.35269 ; 3.29056 ; 0 ; 0
2519103000 ; 4.36487 ; 3.28987 ; 0 ; 0
2519192000 ; 16.1182 ; 3.29262 ; 0 ; 0
2519281000 ; 16.2034 ; 3.29391 ; 0 ; 0
2519372000 ; 16.1206 ; 3.29247 ; 0 ; 0
2519456000 ; 16.1803 ; 3.29498 ; 0 ; 0
2519552000 ; 16.1998 ; 3.29308 ; 0 ; 0
2519640000 ; 4.35756 ; 3.29254 ; 0 ; 0
2519731000 ; 15.9904 ; 3.29277 ; 0 ; 0
2519827000 ; 4.39652 ; 3.29002 ; 0 ; 0
2519911000 ; 4.36 ; 3.29018 ; 0 ; 0
2519998000 ; 4.34417 ; 3.29239 ; 0 ; 0
2520093000 ; 4.34904 ; 3.29002 ; 0 ; 0
2520176000 ; 4.37096 ; 3.28949 ; 0 ; 0
2520270000 ; 16.1535 ; 3.29277 ; 0 ; 0
2520364000 ; 16.1413 ; 3.293 ; 0 ; 0
2520452000 ; 16.1815 ; 3.29292 ; 0 ; 0
2520539000 ; 16.1766 ; 3.29308 ; 0 ; 0
2520632000 ; 16.1949 ; 3.29285 ; 0 ; 0
2520739000 ; 4.3807 ; 3.2901 ; 0 ; 0
2520835000 ; 4.37461 ; 3.28972 ; 0 ; 0
2520930000 ; 4.36852 ; 3.2901 ; 0 ; 0
2521031000 ; 4.37826 ; 3.29018 ; 0 ; 0
2521115000 ; 4.36852 ; 3.29155 ; 0 ; 0
2521203000 ; 15.7895 ; 3.29262 ; 0 ; 0
2521294000 ; 4.35391 ; 3.29239 ; 0 ; 0
2521400000 ; 15.619 ; 3.29163 ; 0 ; 0
2521491000 ; 4.37826 ; 3.29155 ; 0 ; 0
2521582000 ; 4.37217 ; 3.28995 ; 0 ; 0
2521670000 ; 15.8041 ; 3.29292 ; 0 ; 0
2521753000 ; 4.36243 ; 3.28979 ; 0 ; 0
2521851000 ; 15.8431 ; 3.29269 ; 0 ; 0
2521948000 ; 4.32591 ; 3.28979 ; 0 ; 0
2522040000 ; 15.8114 ; 3.293 ; 0 ; 0
2522127000 ; 4.34904 ; 3.28987 ; 0 ; 0
2522214000 ; 15.7895 ; 3.29254 ; 0 ; 0
2522315000 ; 4.38435 ; 3.28995 ; 0 ; 0
2522411000 ; 15.8528 ; 3.293 ; 0 ; 0
2522501000 ; 4.35513 ; 3.28995 ; 0 ; 0
2522593000 ; 15.8625 ; 3.29285 ; 0 ; 0
2522685000 ; 4.37461 ; 3.28957 ; 0 ; 0
2522780000 ; 4.31374 ; 3.29193 ; 0 ; 0
2522874000 ; 15.77 ; 3.29193 ; 0 ; 0
2522977000 ; 4.39287 ; 3.29033 ; 0 ; 0
2523069000 ; 15.7968 ; 3.29231 ; 0 ; 0
2523157000 ; 4.37339 ; 3.29201 ; 0 ; 0
2523245000 ; 4.36122 ; 3.28964 ; 0 ; 0
2523334000 ; 15.7006 ; 3.29315 ; 0 ; 0
2523423000 ; 15.5874 ; 3.29384 ; 0 ; 0
2523513000 ; 4.36487 ; 3.29124 ; 0 ; 0
2523600000 ; 15.8102 ; 3.29292 ; 0 ; 0
2523688000 ; 4.37096 ; 3.28972 ; 0 ; 0
2523776000 ; 15.7761 ; 3.29292 ; 0 ; 0
2523873000 ; 4.34174 ; 3.28941 ; 0 ; 0
2523962000 ; 15.7956 ; 3.293 ; 0 ; 0
2524055000 ; 4.35878 ; 3.29056 ; 0 ; 0
2524144000 ; 15.7237 ; 3.29308 ; 0 ; 0
2524237000 ; 4.34904 ; 3.28995 ; 0 ; 0
2524341000 ; 4.34539 ; 3.28987 ; 0 ; 0
2524428000 ; 4.35148 ; 3.28964 ; 0 ; 0
2524523000 ; 4.34661 ; 3.28972 ; 0 ; 0
2524614000 ; 4.35026 ; 3.28979 ; 0 ; 0
2524716000 ; 4.34782 ; 3.29002 ; 0 ; 0
2524804000 ; 4.34782 ; 3.29002 ; 0 ; 0
2524894000 ; 4.33078 ; 3.28941 ; 0 ; 0
2524988000 ; 4.36 ; 3.28987 ; 0 ; 0
2525080000 ; 4.35269 ; 3.29041 ; 0 ; 0
2525168000 ; 15.7225 ; 3.29292 ; 0 ; 0
2525257000 ; 4.38313 ; 3.29224 ; 0 ; 0
2525343000 ; 4.35391 ; 3.28964 ; 0 ; 0
2525431000 ; 4.34295 ; 3.28987 ; 0 ; 0
2525525000 ; 4.33808 ; 3.2901 ; 0 ; 0
2525620000 ; 4.34174 ; 3.29201 ; 0 ; 0
2525715000 ; 15.669 ; 3.29231 ; 0 ; 0
2525802000 ; 4.38313 ; 3.28979 ; 0 ; 0
2525886000 ; 4.35878 ; 3.28987 ; 0 ; 0
2525979000 ; 15.6945 ; 3.29277 ; 0 ; 0
2526066000 ; 4.388 ; 3.29224 ; 0 ; 0
2526157000 ; 15.6994 ; 3.29254 ; 0 ; 0
2526252000 ; 4.34052 ; 3.28972 ; 0 ; 0
2526352000 ; 4.33565 ; 3.29132 ; 0 ; 0
2526455000 ; 15.658 ; 3.29224 ; 0 ; 0
2526538000 ; 4.37461 ; 3.28957 ; 0 ; 0
2526628000 ; 4.37096 ; 3.2914 ; 0 ; 0
2526712000 ; 15.675 ; 3.29254 ; 0 ; 0
2526806000 ; 4.35878 ; 3.28995 ; 0 ; 0
2526905000 ; 4.38557 ; 3.28987 ; 0 ; 0
2526991000 ; 4.36 ; 3.28987 ; 0 ; 0
2527084000 ; 16.0537 ; 3.29315 ; 0 ; 0
2527174000 ; 16.1145 ; 3.29308 ; 0 ; 0
2527262000 ; 16.246 ; 3.29254 ; 0 ; 0
2527353000 ; 16.1973 ; 3.29262 ; 0 ; 0
2527444000 ; 16.2692 ; 3.29285 ; 0 ; 0
2527531000 ; 4.33078 ; 3.28979 ; 0 ; 0
2527618000 ; 4.35148 ; 3.28987 ; 0 ; 0
2527709000 ; 16.2351 ; 3.2946 ; 0 ; 0
2527792000 ; 16.2071 ; 3.29254 ; 0 ; 0
2527884000 ; 16.3057 ; 3.293 ; 0 ; 0
2527969000 ; 16.2107 ; 3.29292 ; 0 ; 0
2528056000 ; 16.3045 ; 3.29277 ; 0 ; 0
2528157000 ; 4.36 ; 3.29018 ; 0 ; 0
2528253000 ; 16.2424 ; 3.29323 ; 0 ; 0
2528343000 ; 16.2205 ; 3.29292 ; 0 ; 0
2528439000 ; 16.3252 ; 3.29308 ; 0 ; 0
2528535000 ; 16.2545 ; 3.2933 ; 0 ; 0
2528637000 ; 16.3459 ; 3.29308 ; 0 ; 0
2528730000 ; 4.36852 ; 3.28987 ; 0 ; 0
2528824000 ; 4.35148 ; 3.28987 ; 0 ; 0
2528920000 ; 4.34052 ; 3.2901 ; 0 ; 0
2529008000 ; 4.34417 ; 3.29002 ; 0 ; 0
2529099000 ; 4.34539 ; 3.28987 ; 0 ; 0
2529185000 ; 4.35635 ; 3.28979 ; 0 ; 0
2529278000 ; 4.35513 ; 3.2901 ; 0 ; 0
2529367000 ; 4.34174 ; 3.28995 ; 0 ; 0
2529460000 ; 4.37339 ; 3.29025 ; 0 ; 0
2529547000 ; 4.35269 ; 3.28957 ; 0 ; 0
2529640000 ; 4.34661 ; 3.29231 ; 0 ; 0
2529725000 ; 4.33565 ; 3.29002 ; 0 ; 0
2529817000 ; 4.34052 ; 3.29071 ; 0 ; 0
2529900000 ; 4.33808 ; 3.29285 ; 0 ; 0
2529983000 ; 4.35513 ; 3.28964 ; 0 ; 0
2530073000 ; 4.35148 ; 3.29094 ; 0 ; 0
2530171000 ; 4.3673 ; 3.29018 ; 0 ; 0
2530255000 ; 4.35513 ; 3.28995 ; 0 ; 0
2530343000 ; 4.35026 ; 3.28964 ; 0 ; 0
2530431000 ; 4.34174 ; 3.28987 ; 0 ; 0
2530515000 ; 4.36 ; 3.29193 ; 0 ; 0
