#Time (us) ; Current (mA) ; Voltage (V) ; PC ; IRQ 
480007000 ; 1.37526 ; 3.28743 ; 0 ; 0
480099000 ; 1.37404 ; 3.28842 ; 0 ; 0
480191000 ; 1.37526 ; 3.28751 ; 0 ; 0
480283000 ; 1.37404 ; 3.28789 ; 0 ; 0
480373000 ; 1.38256 ; 3.28804 ; 0 ; 0
480457000 ; 1.37404 ; 3.28995 ; 0 ; 0
480539000 ; 1.36187 ; 3.28812 ; 0 ; 0
480628000 ; 1.37039 ; 3.28728 ; 0 ; 0
480716000 ; 1.36065 ; 3.28796 ; 0 ; 0
480805000 ; 16.098 ; 3.29117 ; 0 ; 0
480895000 ; 1.45804 ; 3.28789 ; 0 ; 0
480985000 ; 1.38013 ; 3.28773 ; 0 ; 0
481077000 ; 1.37404 ; 3.28766 ; 0 ; 0
481166000 ; 1.37039 ; 3.28766 ; 0 ; 0
481250000 ; 1.357 ; 3.29041 ; 0 ; 0
481334000 ; 1.37891 ; 3.28773 ; 0 ; 0
481423000 ; 16.0505 ; 3.29132 ; 0 ; 0
481511000 ; 16.0322 ; 3.29399 ; 0 ; 0
481598000 ; 16.0529 ; 3.29437 ; 0 ; 0
481686000 ; 16.0785 ; 3.29163 ; 0 ; 0
481774000 ; 16.1089 ; 3.29178 ; 0 ; 0
481863000 ; 1.37526 ; 3.28865 ; 0 ; 0
481948000 ; 1.37404 ; 3.28796 ; 0 ; 0
482039000 ; 16.0553 ; 3.29147 ; 0 ; 0
482127000 ; 15.992 ; 3.29163 ; 0 ; 0
482216000 ; 16.0091 ; 3.29147 ; 0 ; 0
482304000 ; 16.042 ; 3.29277 ; 0 ; 0
482402000 ; 16.076 ; 3.29124 ; 0 ; 0
482491000 ; 1.37526 ; 3.28789 ; 0 ; 0
482576000 ; 1.385 ; 3.29025 ; 0 ; 0
482672000 ; 16.076 ; 3.29292 ; 0 ; 0
482762000 ; 1.38134 ; 3.28812 ; 0 ; 0
482852000 ; 1.36065 ; 3.28766 ; 0 ; 0
482951000 ; 1.38378 ; 3.28758 ; 0 ; 0
483038000 ; 1.36795 ; 3.28789 ; 0 ; 0
483127000 ; 1.37891 ; 3.28773 ; 0 ; 0
483217000 ; 1.385 ; 3.28941 ; 0 ; 0
483305000 ; 1.37282 ; 3.28789 ; 0 ; 0
483399000 ; 1.36674 ; 3.28842 ; 0 ; 0
483487000 ; 1.37282 ; 3.28773 ; 0 ; 0
483574000 ; 1.37526 ; 3.29025 ; 0 ; 0
483661000 ; 1.385 ; 3.28941 ; 0 ; 0
483749000 ; 1.37282 ; 3.29041 ; 0 ; 0
483844000 ; 15.9178 ; 3.29124 ; 0 ; 0
483937000 ; 1.46413 ; 3.28835 ; 0 ; 0
484025000 ; 1.37404 ; 3.29056 ; 0 ; 0
484124000 ; 1.37891 ; 3.28781 ; 0 ; 0
484215000 ; 1.38865 ; 3.28972 ; 0 ; 0
484303000 ; 1.38013 ; 3.28758 ; 0 ; 0
484394000 ; 1.37282 ; 3.2901 ; 0 ; 0
484484000 ; 16.3208 ; 3.29178 ; 0 ; 0
484574000 ; 1.36552 ; 3.28789 ; 0 ; 0
484675000 ; 1.37526 ; 3.28773 ; 0 ; 0
484771000 ; 1.38013 ; 3.28789 ; 0 ; 0
484860000 ; 1.37526 ; 3.29063 ; 0 ; 0
484943000 ; 1.38256 ; 3.28827 ; 0 ; 0
485040000 ; 16.5776 ; 3.29163 ; 0 ; 0
485129000 ; 16.5716 ; 3.29185 ; 0 ; 0
485226000 ; 16.6008 ; 3.29231 ; 0 ; 0
485310000 ; 16.6069 ; 3.29453 ; 0 ; 0
485401000 ; 16.6032 ; 3.29239 ; 0 ; 0
485488000 ; 1.39108 ; 3.28827 ; 0 ; 0
485575000 ; 1.36674 ; 3.28857 ; 0 ; 0
485662000 ; 16.3159 ; 3.29155 ; 0 ; 0
485750000 ; 16.4827 ; 3.29384 ; 0 ; 0
485838000 ; 16.4583 ; 3.29231 ; 0 ; 0
485941000 ; 16.4778 ; 3.29201 ; 0 ; 0
486028000 ; 16.4839 ; 3.29208 ; 0 ; 0
486123000 ; 1.37282 ; 3.28827 ; 0 ; 0
486208000 ; 1.37282 ; 3.28812 ; 0 ; 0
486303000 ; 1.36917 ; 3.28804 ; 0 ; 0
486400000 ; 1.37769 ; 3.28804 ; 0 ; 0
486484000 ; 1.37647 ; 3.28819 ; 0 ; 0
486573000 ; 16.0907 ; 3.29147 ; 0 ; 0
486664000 ; 16.0785 ; 3.2917 ; 0 ; 0
486758000 ; 16.1856 ; 3.29193 ; 0 ; 0
486846000 ; 16.1442 ; 3.29422 ; 0 ; 0
486932000 ; 16.2465 ; 3.29422 ; 0 ; 0
487027000 ; 1.37526 ; 3.28819 ; 0 ; 0
487123000 ; 1.38013 ; 3.29063 ; 0 ; 0
487215000 ; 16.1333 ; 3.2943 ; 0 ; 0
487322000 ; 1.37282 ; 3.28796 ; 0 ; 0
487414000 ; 1.38621 ; 3.28812 ; 0 ; 0
487501000 ; 1.37891 ; 3.29002 ; 0 ; 0
487589000 ; 1.3643 ; 3.29041 ; 0 ; 0
487677000 ; 16.1394 ; 3.29185 ; 0 ; 0
487764000 ; 1.385 ; 3.28827 ; 0 ; 0
487859000 ; 16.2489 ; 3.29163 ; 0 ; 0
487943000 ; 1.37404 ; 3.28857 ; 0 ; 0
488039000 ; 16.1625 ; 3.2917 ; 0 ; 0
488132000 ; 16.0432 ; 3.293 ; 0 ; 0
488215000 ; 1.57736 ; 3.29178 ; 0 ; 0
488312000 ; 16.115 ; 3.29163 ; 0 ; 0
488403000 ; 1.37526 ; 3.2885 ; 0 ; 0
488489000 ; 16.1625 ; 3.29323 ; 0 ; 0
488580000 ; 1.37526 ; 3.28804 ; 0 ; 0
488668000 ; 16.0821 ; 3.29277 ; 0 ; 0
488764000 ; 1.37647 ; 3.28835 ; 0 ; 0
488856000 ; 16.1515 ; 3.29201 ; 0 ; 0
488941000 ; 1.38378 ; 3.28896 ; 0 ; 0
489036000 ; 16.1394 ; 3.29147 ; 0 ; 0
489129000 ; 1.37526 ; 3.28835 ; 0 ; 0
489217000 ; 16.2696 ; 3.29399 ; 0 ; 0
489301000 ; 1.36552 ; 3.28812 ; 0 ; 0
489395000 ; 16.1479 ; 3.29155 ; 0 ; 0
489482000 ; 1.38256 ; 3.28865 ; 0 ; 0
489569000 ; 16.1333 ; 3.2914 ; 0 ; 0
489655000 ; 1.45683 ; 3.28903 ; 0 ; 0
489742000 ; 1.37282 ; 3.28773 ; 0 ; 0
489824000 ; 16.2587 ; 3.2914 ; 0 ; 0
489915000 ; 1.36795 ; 3.28819 ; 0 ; 0
490003000 ; 16.3451 ; 3.29155 ; 0 ; 0
490089000 ; 1.37647 ; 3.28819 ; 0 ; 0
490183000 ; 1.36674 ; 3.28812 ; 0 ; 0
490268000 ; 1.38013 ; 3.28842 ; 0 ; 0
490359000 ; 1.37647 ; 3.28812 ; 0 ; 0
490447000 ; 1.35943 ; 3.28804 ; 0 ; 0
490534000 ; 1.37039 ; 3.28819 ; 0 ; 0
490629000 ; 1.38865 ; 3.28773 ; 0 ; 0
490722000 ; 1.37526 ; 3.28796 ; 0 ; 0
490814000 ; 1.36795 ; 3.28796 ; 0 ; 0
490914000 ; 1.38256 ; 3.28835 ; 0 ; 0
491010000 ; 1.37282 ; 3.28835 ; 0 ; 0
491100000 ; 1.37282 ; 3.2885 ; 0 ; 0
491193000 ; 1.37647 ; 3.29086 ; 0 ; 0
491277000 ; 1.36795 ; 3.28773 ; 0 ; 0
491375000 ; 1.37404 ; 3.28896 ; 0 ; 0
491464000 ; 1.385 ; 3.29025 ; 0 ; 0
491552000 ; 1.38134 ; 3.28789 ; 0 ; 0
491640000 ; 1.385 ; 3.28804 ; 0 ; 0
491727000 ; 1.37404 ; 3.28804 ; 0 ; 0
491816000 ; 1.36674 ; 3.28796 ; 0 ; 0
491921000 ; 1.38013 ; 3.28781 ; 0 ; 0
492010000 ; 1.37891 ; 3.28812 ; 0 ; 0
492099000 ; 1.37282 ; 3.29018 ; 0 ; 0
492182000 ; 1.3716 ; 3.28781 ; 0 ; 0
492271000 ; 1.38013 ; 3.28979 ; 0 ; 0
492368000 ; 1.38256 ; 3.28812 ; 0 ; 0
492461000 ; 1.3923 ; 3.28773 ; 0 ; 0
492558000 ; 1.37891 ; 3.28796 ; 0 ; 0
492648000 ; 1.37282 ; 3.28812 ; 0 ; 0
492742000 ; 1.38134 ; 3.28812 ; 0 ; 0
492829000 ; 1.36917 ; 3.28819 ; 0 ; 0
492919000 ; 1.36795 ; 3.28789 ; 0 ; 0
493010000 ; 1.37891 ; 3.28804 ; 0 ; 0
493096000 ; 1.37891 ; 3.28812 ; 0 ; 0
493180000 ; 1.37282 ; 3.29086 ; 0 ; 0
493264000 ; 1.3923 ; 3.28781 ; 0 ; 0
493359000 ; 1.37647 ; 3.28812 ; 0 ; 0
493450000 ; 1.37039 ; 3.28796 ; 0 ; 0
493536000 ; 1.3716 ; 3.28804 ; 0 ; 0
493624000 ; 1.36917 ; 3.28812 ; 0 ; 0
493709000 ; 1.38256 ; 3.28789 ; 0 ; 0
493800000 ; 1.36674 ; 3.28819 ; 0 ; 0
493889000 ; 1.357 ; 3.28796 ; 0 ; 0
493988000 ; 1.37769 ; 3.29033 ; 0 ; 0
494080000 ; 1.37039 ; 3.28842 ; 0 ; 0
494164000 ; 1.38134 ; 3.28804 ; 0 ; 0
494253000 ; 1.37769 ; 3.28835 ; 0 ; 0
494351000 ; 1.37039 ; 3.28773 ; 0 ; 0
494451000 ; 1.36917 ; 3.28888 ; 0 ; 0
494548000 ; 1.38013 ; 3.28773 ; 0 ; 0
494642000 ; 1.36674 ; 3.28819 ; 0 ; 0
494738000 ; 1.38987 ; 3.28796 ; 0 ; 0
494843000 ; 1.36917 ; 3.28804 ; 0 ; 0
494925000 ; 1.35943 ; 3.29071 ; 0 ; 0
495009000 ; 1.36187 ; 3.28812 ; 0 ; 0
495094000 ; 1.39474 ; 3.29063 ; 0 ; 0
495184000 ; 1.38256 ; 3.28789 ; 0 ; 0
495278000 ; 1.37647 ; 3.28766 ; 0 ; 0
495371000 ; 1.38134 ; 3.28804 ; 0 ; 0
495454000 ; 1.36674 ; 3.28804 ; 0 ; 0
495537000 ; 1.37647 ; 3.28812 ; 0 ; 0
495628000 ; 1.37526 ; 3.28804 ; 0 ; 0
495723000 ; 1.3716 ; 3.28781 ; 0 ; 0
495811000 ; 1.385 ; 3.29041 ; 0 ; 0
495915000 ; 1.37647 ; 3.28781 ; 0 ; 0
496003000 ; 1.36187 ; 3.28796 ; 0 ; 0
496093000 ; 1.37647 ; 3.28995 ; 0 ; 0
496178000 ; 1.37891 ; 3.28842 ; 0 ; 0
496264000 ; 1.36917 ; 3.28789 ; 0 ; 0
496359000 ; 1.35456 ; 3.29048 ; 0 ; 0
496442000 ; 1.37039 ; 3.28812 ; 0 ; 0
496530000 ; 1.37282 ; 3.28758 ; 0 ; 0
496626000 ; 1.36917 ; 3.28865 ; 0 ; 0
496719000 ; 1.3923 ; 3.28789 ; 0 ; 0
496803000 ; 1.38256 ; 3.28773 ; 0 ; 0
496895000 ; 1.36552 ; 3.28835 ; 0 ; 0
496985000 ; 1.38743 ; 3.28789 ; 0 ; 0
497075000 ; 1.37526 ; 3.28796 ; 0 ; 0
497165000 ; 1.38013 ; 3.28796 ; 0 ; 0
497259000 ; 1.37282 ; 3.28796 ; 0 ; 0
497349000 ; 1.38134 ; 3.28812 ; 0 ; 0
497433000 ; 1.37647 ; 3.28812 ; 0 ; 0
497524000 ; 1.37282 ; 3.28796 ; 0 ; 0
497615000 ; 1.37647 ; 3.28773 ; 0 ; 0
497702000 ; 1.37282 ; 3.28773 ; 0 ; 0
497793000 ; 1.39108 ; 3.28979 ; 0 ; 0
497886000 ; 1.37526 ; 3.28781 ; 0 ; 0
497972000 ; 1.37039 ; 3.28911 ; 0 ; 0
498065000 ; 1.37647 ; 3.28804 ; 0 ; 0
498153000 ; 1.36552 ; 3.28842 ; 0 ; 0
498241000 ; 1.38134 ; 3.29079 ; 0 ; 0
498332000 ; 1.37404 ; 3.28781 ; 0 ; 0
498422000 ; 1.37891 ; 3.28773 ; 0 ; 0
498510000 ; 1.37404 ; 3.29041 ; 0 ; 0
498598000 ; 1.39474 ; 3.28781 ; 0 ; 0
498686000 ; 1.36187 ; 3.28804 ; 0 ; 0
498770000 ; 1.37891 ; 3.28804 ; 0 ; 0
498855000 ; 1.37404 ; 3.28789 ; 0 ; 0
498937000 ; 1.36917 ; 3.28781 ; 0 ; 0
499025000 ; 1.37769 ; 3.28819 ; 0 ; 0
499118000 ; 1.36552 ; 3.28804 ; 0 ; 0
499206000 ; 1.37404 ; 3.28857 ; 0 ; 0
499295000 ; 1.37891 ; 3.28766 ; 0 ; 0
499381000 ; 1.3643 ; 3.28796 ; 0 ; 0
499469000 ; 1.38013 ; 3.28781 ; 0 ; 0
499556000 ; 1.3643 ; 3.28773 ; 0 ; 0
499642000 ; 1.38378 ; 3.28789 ; 0 ; 0
499730000 ; 1.36552 ; 3.28751 ; 0 ; 0
499818000 ; 1.37769 ; 3.28827 ; 0 ; 0
499920000 ; 1.37039 ; 3.28766 ; 0 ; 0
500015000 ; 1.37404 ; 3.28773 ; 0 ; 0
500109000 ; 1.37891 ; 3.28789 ; 0 ; 0
500202000 ; 1.385 ; 3.28804 ; 0 ; 0
500292000 ; 1.37769 ; 3.28903 ; 0 ; 0
500383000 ; 1.38134 ; 3.28758 ; 0 ; 0
500472000 ; 1.36308 ; 3.28758 ; 0 ; 0
500562000 ; 1.36552 ; 3.28804 ; 0 ; 0
500651000 ; 1.36674 ; 3.28796 ; 0 ; 0
500736000 ; 1.36674 ; 3.28773 ; 0 ; 0
500820000 ; 1.3716 ; 3.28804 ; 0 ; 0
500909000 ; 1.37404 ; 3.28766 ; 0 ; 0
500996000 ; 1.39108 ; 3.28804 ; 0 ; 0
501084000 ; 1.38256 ; 3.29056 ; 0 ; 0
501177000 ; 1.37282 ; 3.28949 ; 0 ; 0
501264000 ; 1.37769 ; 3.28957 ; 0 ; 0
501361000 ; 1.38134 ; 3.28995 ; 0 ; 0
501449000 ; 1.39352 ; 3.28842 ; 0 ; 0
501537000 ; 1.35943 ; 3.28773 ; 0 ; 0
501627000 ; 1.3716 ; 3.29102 ; 0 ; 0
501715000 ; 1.39595 ; 3.29071 ; 0 ; 0
501802000 ; 1.37282 ; 3.29041 ; 0 ; 0
501891000 ; 1.37647 ; 3.28796 ; 0 ; 0
