#Time (us) ; Current (mA) ; Voltage (V) ; PC ; IRQ 
776948000 ; 4.29182 ; 3.28926 ; 0 ; 0
777037000 ; 4.2833 ; 3.29109 ; 0 ; 0
777125000 ; 4.2833 ; 3.28903 ; 0 ; 0
777218000 ; 4.28817 ; 3.28949 ; 0 ; 0
777304000 ; 4.27721 ; 3.29132 ; 0 ; 0
777404000 ; 4.29913 ; 3.28934 ; 0 ; 0
777495000 ; 4.27234 ; 3.28949 ; 0 ; 0
777583000 ; 4.27599 ; 3.28987 ; 0 ; 0
777674000 ; 4.27965 ; 3.28934 ; 0 ; 0
777762000 ; 4.28573 ; 3.2888 ; 0 ; 0
777849000 ; 4.28573 ; 3.28911 ; 0 ; 0
777942000 ; 4.06659 ; 3.28918 ; 0 ; 0
778040000 ; 4.07633 ; 3.28896 ; 0 ; 0
778131000 ; 3.98746 ; 3.28918 ; 0 ; 0
778215000 ; 4.29304 ; 3.29086 ; 0 ; 0
778311000 ; 4.29426 ; 3.28911 ; 0 ; 0
778403000 ; 4.2833 ; 3.2888 ; 0 ; 0
778490000 ; 4.2833 ; 3.28918 ; 0 ; 0
778573000 ; 4.12016 ; 3.29124 ; 0 ; 0
778668000 ; 4.06659 ; 3.28926 ; 0 ; 0
778751000 ; 4.27965 ; 3.28903 ; 0 ; 0
778856000 ; 4.2906 ; 3.28941 ; 0 ; 0
778940000 ; 4.28573 ; 3.28918 ; 0 ; 0
779033000 ; 4.27599 ; 3.28926 ; 0 ; 0
779119000 ; 4.28695 ; 3.28949 ; 0 ; 0
779210000 ; 4.08972 ; 3.28987 ; 0 ; 0
779302000 ; 4.04711 ; 3.28934 ; 0 ; 0
779393000 ; 4.00207 ; 3.28934 ; 0 ; 0
779483000 ; 3.98989 ; 3.28903 ; 0 ; 0
779566000 ; 3.98015 ; 3.28941 ; 0 ; 0
779654000 ; 4.05929 ; 3.29117 ; 0 ; 0
779742000 ; 4.06659 ; 3.28934 ; 0 ; 0
779829000 ; 4.31617 ; 3.28926 ; 0 ; 0
779914000 ; 4.30521 ; 3.29102 ; 0 ; 0
780000000 ; 4.28817 ; 3.28911 ; 0 ; 0
780100000 ; 4.31008 ; 3.28941 ; 0 ; 0
780191000 ; 4.304 ; 3.2901 ; 0 ; 0
780286000 ; 4.29913 ; 3.28934 ; 0 ; 0
780382000 ; 4.30156 ; 3.28911 ; 0 ; 0
780470000 ; 4.30521 ; 3.28934 ; 0 ; 0
780554000 ; 4.07633 ; 3.28903 ; 0 ; 0
780653000 ; 4.27478 ; 3.28949 ; 0 ; 0
780744000 ; 4.30643 ; 3.29102 ; 0 ; 0
780832000 ; 4.28573 ; 3.28934 ; 0 ; 0
780917000 ; 4.29913 ; 3.28918 ; 0 ; 0
781007000 ; 4.09825 ; 3.28911 ; 0 ; 0
781091000 ; 4.07268 ; 3.28911 ; 0 ; 0
781179000 ; 3.99841 ; 3.28926 ; 0 ; 0
781267000 ; 4.01181 ; 3.29132 ; 0 ; 0
781355000 ; 4.00572 ; 3.28903 ; 0 ; 0
781447000 ; 3.99233 ; 3.28918 ; 0 ; 0
781539000 ; 4.07024 ; 3.28926 ; 0 ; 0
781627000 ; 3.99233 ; 3.28911 ; 0 ; 0
781711000 ; 4.29547 ; 3.28926 ; 0 ; 0
781808000 ; 4.3113 ; 3.28918 ; 0 ; 0
781909000 ; 4.31861 ; 3.28964 ; 0 ; 0
782002000 ; 4.30034 ; 3.28911 ; 0 ; 0
782090000 ; 4.31495 ; 3.28934 ; 0 ; 0
782193000 ; 4.30278 ; 3.29155 ; 0 ; 0
782289000 ; 4.04468 ; 3.28911 ; 0 ; 0
782382000 ; 4.04468 ; 3.28896 ; 0 ; 0
782471000 ; 4.28452 ; 3.28949 ; 0 ; 0
782567000 ; 4.28086 ; 3.28926 ; 0 ; 0
782655000 ; 4.28817 ; 3.28857 ; 0 ; 0
782747000 ; 4.05442 ; 3.28964 ; 0 ; 0
782834000 ; 4.08729 ; 3.29254 ; 0 ; 0
782925000 ; 4.01302 ; 3.29193 ; 0 ; 0
783016000 ; 3.9972 ; 3.28926 ; 0 ; 0
783106000 ; 3.99841 ; 3.28957 ; 0 ; 0
783191000 ; 4.03007 ; 3.29041 ; 0 ; 0
783279000 ; 3.99354 ; 3.2914 ; 0 ; 0
783369000 ; 3.99111 ; 3.28918 ; 0 ; 0
783463000 ; 4.29791 ; 3.29262 ; 0 ; 0
783546000 ; 4.09338 ; 3.29102 ; 0 ; 0
783631000 ; 3.98989 ; 3.28903 ; 0 ; 0
783719000 ; 4.27965 ; 3.29193 ; 0 ; 0
783809000 ; 3.97163 ; 3.28941 ; 0 ; 0
783900000 ; 4.29669 ; 3.28888 ; 0 ; 0
783983000 ; 4.29791 ; 3.28964 ; 0 ; 0
784072000 ; 4.05442 ; 3.29124 ; 0 ; 0
784154000 ; 4.30278 ; 3.29201 ; 0 ; 0
784248000 ; 4.06903 ; 3.28972 ; 0 ; 0
784330000 ; 4.29913 ; 3.28934 ; 0 ; 0
784422000 ; 4.06781 ; 3.28926 ; 0 ; 0
784515000 ; 4.28452 ; 3.28926 ; 0 ; 0
784604000 ; 4.00937 ; 3.28903 ; 0 ; 0
784695000 ; 4.28817 ; 3.28964 ; 0 ; 0
784787000 ; 3.99963 ; 3.28949 ; 0 ; 0
784873000 ; 4.25652 ; 3.28926 ; 0 ; 0
784973000 ; 4.00085 ; 3.28918 ; 0 ; 0
785069000 ; 4.0605 ; 3.28941 ; 0 ; 0
785157000 ; 4.01424 ; 3.28957 ; 0 ; 0
785249000 ; 4.07024 ; 3.28911 ; 0 ; 0
785333000 ; 4.00694 ; 3.29094 ; 0 ; 0
785428000 ; 4.07268 ; 3.28918 ; 0 ; 0
785511000 ; 3.97285 ; 3.2917 ; 0 ; 0
785600000 ; 4.09216 ; 3.29231 ; 0 ; 0
785683000 ; 4.29791 ; 3.28888 ; 0 ; 0
785767000 ; 4.09094 ; 3.29109 ; 0 ; 0
785864000 ; 4.29426 ; 3.28903 ; 0 ; 0
785955000 ; 4.07146 ; 3.28926 ; 0 ; 0
786051000 ; 4.08729 ; 3.28888 ; 0 ; 0
786135000 ; 3.97041 ; 3.28865 ; 0 ; 0
786219000 ; 4.09703 ; 3.28911 ; 0 ; 0
786307000 ; 4.00572 ; 3.28918 ; 0 ; 0
786397000 ; 4.06781 ; 3.28888 ; 0 ; 0
786494000 ; 3.97163 ; 3.28918 ; 0 ; 0
786584000 ; 4.06659 ; 3.28934 ; 0 ; 0
786672000 ; 3.99598 ; 3.2914 ; 0 ; 0
786770000 ; 4.10555 ; 3.29079 ; 0 ; 0
786857000 ; 4.26747 ; 3.29231 ; 0 ; 0
786954000 ; 4.28086 ; 3.28941 ; 0 ; 0
787049000 ; 4.2833 ; 3.28903 ; 0 ; 0
787139000 ; 4.2833 ; 3.28979 ; 0 ; 0
787233000 ; 4.27843 ; 3.2888 ; 0 ; 0
787319000 ; 4.28817 ; 3.28926 ; 0 ; 0
787402000 ; 4.30521 ; 3.28926 ; 0 ; 0
787486000 ; 4.29304 ; 3.28934 ; 0 ; 0
787582000 ; 4.28817 ; 3.28888 ; 0 ; 0
787665000 ; 4.28208 ; 3.28896 ; 0 ; 0
787752000 ; 4.29669 ; 3.28896 ; 0 ; 0
