#Time (us) ; Current (mA) ; Voltage (V) ; PC ; IRQ 
460432000 ; 1.36627 ; 3.28812 ; 0 ; 0
460523000 ; 1.37723 ; 3.28896 ; 0 ; 0
460610000 ; 1.36019 ; 3.28827 ; 0 ; 0
460706000 ; 1.37601 ; 3.28812 ; 0 ; 0
460799000 ; 1.38575 ; 3.28835 ; 0 ; 0
460894000 ; 1.39062 ; 3.28812 ; 0 ; 0
460980000 ; 1.37358 ; 3.29048 ; 0 ; 0
461063000 ; 1.3821 ; 3.28873 ; 0 ; 0
461154000 ; 1.3748 ; 3.28835 ; 0 ; 0
461240000 ; 1.3748 ; 3.28819 ; 0 ; 0
461335000 ; 1.36506 ; 3.28842 ; 0 ; 0
461422000 ; 1.35775 ; 3.2885 ; 0 ; 0
461510000 ; 1.3748 ; 3.28873 ; 0 ; 0
461596000 ; 1.37114 ; 3.2885 ; 0 ; 0
461690000 ; 1.36871 ; 3.28842 ; 0 ; 0
461787000 ; 1.37114 ; 3.28812 ; 0 ; 0
461871000 ; 1.37966 ; 3.29071 ; 0 ; 0
461965000 ; 1.34801 ; 3.28857 ; 0 ; 0
462062000 ; 4.92246 ; 3.28972 ; 0 ; 0
462145000 ; 1.44784 ; 3.28865 ; 0 ; 0
462249000 ; 1.3541 ; 3.28835 ; 0 ; 0
462337000 ; 1.35166 ; 3.2914 ; 0 ; 0
462423000 ; 1.37114 ; 3.28804 ; 0 ; 0
462512000 ; 1.37236 ; 3.28812 ; 0 ; 0
462603000 ; 1.3614 ; 3.29063 ; 0 ; 0
462690000 ; 1.37601 ; 3.29109 ; 0 ; 0
462782000 ; 1.35775 ; 3.28842 ; 0 ; 0
462880000 ; 4.92003 ; 3.28941 ; 0 ; 0
462966000 ; 4.80559 ; 3.28896 ; 0 ; 0
463058000 ; 1.37601 ; 3.28857 ; 0 ; 0
463150000 ; 1.35775 ; 3.28827 ; 0 ; 0
463241000 ; 1.3748 ; 3.28827 ; 0 ; 0
463330000 ; 1.37114 ; 3.29102 ; 0 ; 0
463416000 ; 1.3748 ; 3.28796 ; 0 ; 0
463505000 ; 1.36993 ; 3.29056 ; 0 ; 0
463587000 ; 4.92368 ; 3.28926 ; 0 ; 0
463675000 ; 4.86646 ; 3.28918 ; 0 ; 0
463758000 ; 4.87864 ; 3.28934 ; 0 ; 0
463846000 ; 4.86159 ; 3.28934 ; 0 ; 0
463942000 ; 4.86159 ; 3.28964 ; 0 ; 0
464038000 ; 1.35775 ; 3.28842 ; 0 ; 0
464127000 ; 1.3614 ; 3.28835 ; 0 ; 0
464215000 ; 1.34923 ; 3.28827 ; 0 ; 0
464304000 ; 4.89446 ; 3.2888 ; 0 ; 0
464393000 ; 4.8202 ; 3.28926 ; 0 ; 0
464478000 ; 4.80559 ; 3.28896 ; 0 ; 0
464573000 ; 4.7922 ; 3.28941 ; 0 ; 0
464657000 ; 4.79707 ; 3.28903 ; 0 ; 0
464750000 ; 1.35288 ; 3.29056 ; 0 ; 0
464840000 ; 1.37601 ; 3.28865 ; 0 ; 0
464933000 ; 1.37845 ; 3.28812 ; 0 ; 0
465020000 ; 1.3614 ; 3.29094 ; 0 ; 0
465115000 ; 1.37114 ; 3.28873 ; 0 ; 0
465203000 ; 1.3614 ; 3.28842 ; 0 ; 0
465299000 ; 1.3821 ; 3.28857 ; 0 ; 0
465385000 ; 1.36993 ; 3.28812 ; 0 ; 0
465469000 ; 1.37601 ; 3.28827 ; 0 ; 0
465559000 ; 1.37358 ; 3.28903 ; 0 ; 0
465652000 ; 1.37966 ; 3.28827 ; 0 ; 0
465735000 ; 4.95655 ; 3.28934 ; 0 ; 0
465833000 ; 4.85063 ; 3.28926 ; 0 ; 0
465920000 ; 4.86159 ; 3.29109 ; 0 ; 0
466009000 ; 4.87377 ; 3.28941 ; 0 ; 0
466095000 ; 4.87133 ; 3.29216 ; 0 ; 0
466183000 ; 1.3748 ; 3.28873 ; 0 ; 0
466277000 ; 1.37236 ; 3.28827 ; 0 ; 0
466370000 ; 1.37601 ; 3.28873 ; 0 ; 0
466462000 ; 1.37966 ; 3.28812 ; 0 ; 0
466554000 ; 1.38088 ; 3.2885 ; 0 ; 0
466646000 ; 1.38575 ; 3.28842 ; 0 ; 0
466729000 ; 1.38453 ; 3.28873 ; 0 ; 0
466814000 ; 4.9249 ; 3.28957 ; 0 ; 0
466913000 ; 1.45149 ; 3.2885 ; 0 ; 0
466997000 ; 1.45636 ; 3.2885 ; 0 ; 0
467086000 ; 1.37845 ; 3.28835 ; 0 ; 0
467170000 ; 4.94316 ; 3.29239 ; 0 ; 0
467253000 ; 1.44662 ; 3.28865 ; 0 ; 0
467347000 ; 1.46489 ; 3.28857 ; 0 ; 0
467439000 ; 1.45393 ; 3.28873 ; 0 ; 0
467528000 ; 1.44906 ; 3.29117 ; 0 ; 0
467621000 ; 1.38332 ; 3.2888 ; 0 ; 0
467714000 ; 1.36384 ; 3.28819 ; 0 ; 0
467808000 ; 4.94194 ; 3.28949 ; 0 ; 0
467894000 ; 4.94803 ; 3.28918 ; 0 ; 0
467980000 ; 4.86159 ; 3.28934 ; 0 ; 0
468081000 ; 4.87133 ; 3.29033 ; 0 ; 0
468168000 ; 4.83359 ; 3.29224 ; 0 ; 0
468252000 ; 1.38088 ; 3.28888 ; 0 ; 0
468345000 ; 1.36627 ; 3.28835 ; 0 ; 0
468437000 ; 1.37358 ; 3.28842 ; 0 ; 0
468536000 ; 1.37236 ; 3.28827 ; 0 ; 0
468624000 ; 1.3894 ; 3.29117 ; 0 ; 0
468719000 ; 1.38819 ; 3.28888 ; 0 ; 0
468808000 ; 1.36384 ; 3.28842 ; 0 ; 0
468902000 ; 1.35775 ; 3.28842 ; 0 ; 0
468995000 ; 4.92368 ; 3.28941 ; 0 ; 0
469080000 ; 4.93586 ; 3.29063 ; 0 ; 0
469167000 ; 1.37601 ; 3.28827 ; 0 ; 0
469261000 ; 1.36019 ; 3.28835 ; 0 ; 0
469350000 ; 1.37236 ; 3.28812 ; 0 ; 0
469438000 ; 4.94073 ; 3.29231 ; 0 ; 0
469532000 ; 1.37723 ; 3.28835 ; 0 ; 0
469620000 ; 4.87742 ; 3.28941 ; 0 ; 0
469707000 ; 1.36262 ; 3.28842 ; 0 ; 0
469794000 ; 4.94316 ; 3.28934 ; 0 ; 0
469882000 ; 1.37236 ; 3.28835 ; 0 ; 0
469970000 ; 4.91638 ; 3.29124 ; 0 ; 0
470062000 ; 1.36993 ; 3.28873 ; 0 ; 0
470154000 ; 4.96873 ; 3.28972 ; 0 ; 0
470247000 ; 1.3614 ; 3.28972 ; 0 ; 0
470332000 ; 4.90542 ; 3.28911 ; 0 ; 0
470425000 ; 4.92977 ; 3.28903 ; 0 ; 0
470509000 ; 4.97603 ; 3.28979 ; 0 ; 0
470598000 ; 4.92246 ; 3.28987 ; 0 ; 0
470681000 ; 1.37845 ; 3.28857 ; 0 ; 0
470772000 ; 4.97481 ; 3.28911 ; 0 ; 0
470868000 ; 1.36871 ; 3.28827 ; 0 ; 0
470963000 ; 4.91029 ; 3.28926 ; 0 ; 0
471047000 ; 1.37845 ; 3.28865 ; 0 ; 0
471137000 ; 4.90177 ; 3.29002 ; 0 ; 0
471225000 ; 1.3821 ; 3.29132 ; 0 ; 0
471315000 ; 4.85916 ; 3.28926 ; 0 ; 0
471407000 ; 4.86768 ; 3.28972 ; 0 ; 0
471491000 ; 1.38697 ; 3.29124 ; 0 ; 0
471577000 ; 4.92125 ; 3.28926 ; 0 ; 0
471661000 ; 1.36506 ; 3.28918 ; 0 ; 0
471747000 ; 4.91029 ; 3.28926 ; 0 ; 0
471835000 ; 1.38697 ; 3.28903 ; 0 ; 0
471927000 ; 4.96142 ; 3.28987 ; 0 ; 0
472016000 ; 1.37966 ; 3.28865 ; 0 ; 0
472106000 ; 4.89446 ; 3.29185 ; 0 ; 0
472195000 ; 1.38332 ; 3.28842 ; 0 ; 0
472278000 ; 4.91272 ; 3.28949 ; 0 ; 0
472364000 ; 4.88959 ; 3.2885 ; 0 ; 0
472464000 ; 1.36749 ; 3.28888 ; 0 ; 0
472555000 ; 4.92368 ; 3.28926 ; 0 ; 0
472641000 ; 1.3748 ; 3.29185 ; 0 ; 0
472733000 ; 4.86524 ; 3.28949 ; 0 ; 0
472824000 ; 1.38819 ; 3.28918 ; 0 ; 0
472910000 ; 4.94925 ; 3.29208 ; 0 ; 0
472998000 ; 1.38697 ; 3.28865 ; 0 ; 0
473091000 ; 4.89325 ; 3.28964 ; 0 ; 0
473180000 ; 4.90664 ; 3.2888 ; 0 ; 0
473268000 ; 4.85429 ; 3.29079 ; 0 ; 0
473358000 ; 4.97481 ; 3.28957 ; 0 ; 0
473447000 ; 1.35897 ; 3.29109 ; 0 ; 0
473535000 ; 1.35897 ; 3.28911 ; 0 ; 0
473623000 ; 1.36019 ; 3.28896 ; 0 ; 0
473710000 ; 1.36871 ; 3.29109 ; 0 ; 0
473798000 ; 1.36871 ; 3.2888 ; 0 ; 0
473880000 ; 1.36506 ; 3.28903 ; 0 ; 0
473967000 ; 1.36627 ; 3.28903 ; 0 ; 0
474051000 ; 1.38088 ; 3.29163 ; 0 ; 0
474133000 ; 1.38088 ; 3.29285 ; 0 ; 0
474231000 ; 1.3748 ; 3.28857 ; 0 ; 0
474320000 ; 1.37114 ; 3.28819 ; 0 ; 0
474403000 ; 1.36506 ; 3.28857 ; 0 ; 0
474485000 ; 1.37601 ; 3.28857 ; 0 ; 0
474571000 ; 1.36749 ; 3.28857 ; 0 ; 0
474655000 ; 1.37845 ; 3.29079 ; 0 ; 0
474742000 ; 1.36993 ; 3.29094 ; 0 ; 0
474840000 ; 1.37236 ; 3.28926 ; 0 ; 0
474930000 ; 1.37845 ; 3.28827 ; 0 ; 0
475021000 ; 1.37845 ; 3.28865 ; 0 ; 0
475113000 ; 1.38453 ; 3.28835 ; 0 ; 0
475205000 ; 1.36384 ; 3.28873 ; 0 ; 0
475289000 ; 1.38332 ; 3.2888 ; 0 ; 0
475377000 ; 1.37601 ; 3.2914 ; 0 ; 0
475461000 ; 1.37358 ; 3.28865 ; 0 ; 0
475546000 ; 1.36019 ; 3.29109 ; 0 ; 0
475636000 ; 1.37236 ; 3.28873 ; 0 ; 0
475723000 ; 1.3821 ; 3.28827 ; 0 ; 0
475811000 ; 1.39549 ; 3.28857 ; 0 ; 0
475907000 ; 1.38453 ; 3.28857 ; 0 ; 0
475993000 ; 1.37601 ; 3.28857 ; 0 ; 0
476080000 ; 1.38453 ; 3.28819 ; 0 ; 0
476168000 ; 1.3894 ; 3.2885 ; 0 ; 0
476269000 ; 1.37723 ; 3.2888 ; 0 ; 0
476362000 ; 1.37723 ; 3.28835 ; 0 ; 0
476457000 ; 1.36506 ; 3.28903 ; 0 ; 0
476560000 ; 1.37236 ; 3.28857 ; 0 ; 0
476657000 ; 1.37114 ; 3.2888 ; 0 ; 0
476748000 ; 1.37966 ; 3.28842 ; 0 ; 0
476842000 ; 1.3748 ; 3.28888 ; 0 ; 0
476935000 ; 1.37723 ; 3.28865 ; 0 ; 0
477018000 ; 1.38453 ; 3.28873 ; 0 ; 0
477105000 ; 1.36993 ; 3.28857 ; 0 ; 0
477193000 ; 1.39793 ; 3.28865 ; 0 ; 0
477282000 ; 1.37845 ; 3.29018 ; 0 ; 0
477370000 ; 1.37601 ; 3.2885 ; 0 ; 0
477458000 ; 1.37723 ; 3.28835 ; 0 ; 0
477547000 ; 1.36749 ; 3.28911 ; 0 ; 0
477644000 ; 1.38575 ; 3.28842 ; 0 ; 0
477732000 ; 1.37601 ; 3.28888 ; 0 ; 0
477819000 ; 1.36993 ; 3.29124 ; 0 ; 0
477913000 ; 1.38088 ; 3.28873 ; 0 ; 0
478001000 ; 1.35653 ; 3.28827 ; 0 ; 0
478085000 ; 1.37723 ; 3.28865 ; 0 ; 0
478167000 ; 1.36627 ; 3.2901 ; 0 ; 0
478265000 ; 1.36993 ; 3.28857 ; 0 ; 0
478359000 ; 1.38453 ; 3.28934 ; 0 ; 0
478450000 ; 1.36993 ; 3.29086 ; 0 ; 0
478545000 ; 1.37358 ; 3.28857 ; 0 ; 0
478642000 ; 1.36993 ; 3.28835 ; 0 ; 0
478739000 ; 1.36019 ; 3.28842 ; 0 ; 0
478831000 ; 1.37966 ; 3.29041 ; 0 ; 0
478929000 ; 1.36993 ; 3.28865 ; 0 ; 0
479010000 ; 1.36871 ; 3.28896 ; 0 ; 0
479093000 ; 1.36749 ; 3.28857 ; 0 ; 0
479177000 ; 1.37845 ; 3.29155 ; 0 ; 0
479265000 ; 1.3748 ; 3.28842 ; 0 ; 0
479349000 ; 1.36262 ; 3.28842 ; 0 ; 0
479437000 ; 1.36384 ; 3.29071 ; 0 ; 0
479535000 ; 1.35775 ; 3.28873 ; 0 ; 0
479617000 ; 1.36262 ; 3.29094 ; 0 ; 0
479713000 ; 1.35532 ; 3.28842 ; 0 ; 0
479806000 ; 1.38575 ; 3.28835 ; 0 ; 0
479902000 ; 1.3748 ; 3.28812 ; 0 ; 0
480003000 ; 1.36871 ; 3.28827 ; 0 ; 0
480100000 ; 1.37358 ; 3.28827 ; 0 ; 0
480189000 ; 1.36506 ; 3.28835 ; 0 ; 0
480286000 ; 1.36627 ; 3.28857 ; 0 ; 0
480377000 ; 1.36749 ; 3.28835 ; 0 ; 0
480460000 ; 1.37114 ; 3.28873 ; 0 ; 0
480545000 ; 1.36506 ; 3.28827 ; 0 ; 0
480632000 ; 1.37236 ; 3.28835 ; 0 ; 0
480720000 ; 1.37236 ; 3.28873 ; 0 ; 0
480808000 ; 1.37601 ; 3.2885 ; 0 ; 0
480890000 ; 1.37966 ; 3.2885 ; 0 ; 0
480989000 ; 1.36871 ; 3.28835 ; 0 ; 0
481077000 ; 1.37723 ; 3.28835 ; 0 ; 0
481165000 ; 1.37601 ; 3.28865 ; 0 ; 0
481260000 ; 1.37236 ; 3.28896 ; 0 ; 0
481351000 ; 1.36627 ; 3.28873 ; 0 ; 0
481434000 ; 1.36384 ; 3.29086 ; 0 ; 0
481526000 ; 1.37723 ; 3.28827 ; 0 ; 0
481609000 ; 1.36749 ; 3.2914 ; 0 ; 0
481697000 ; 1.36871 ; 3.2885 ; 0 ; 0
481788000 ; 1.3894 ; 3.29071 ; 0 ; 0
481870000 ; 1.36384 ; 3.29109 ; 0 ; 0
481958000 ; 1.36384 ; 3.28827 ; 0 ; 0
482045000 ; 1.37114 ; 3.28857 ; 0 ; 0
482132000 ; 1.37601 ; 3.2885 ; 0 ; 0
482222000 ; 1.37236 ; 3.2885 ; 0 ; 0
482313000 ; 1.37358 ; 3.2885 ; 0 ; 0
482400000 ; 1.35897 ; 3.28865 ; 0 ; 0
