#Time (us) ; Current (mA) ; Voltage (V) ; PC ; IRQ 
328852000 ; 0.0015436 ; 3.28903 ; 0 ; 0
328936000 ; 0.00108203 ; 3.28964 ; 0 ; 0
329029000 ; 0.00192126 ; 3.28934 ; 0 ; 0
329128000 ; 0.00118884 ; 3.28934 ; 0 ; 0
329211000 ; 0.00169619 ; 3.29163 ; 0 ; 0
329306000 ; 0.00170001 ; 3.28903 ; 0 ; 0
329396000 ; 0.00123843 ; 3.28926 ; 0 ; 0
329480000 ; 0.00197466 ; 3.28926 ; 0 ; 0
329569000 ; 0.000803552 ; 3.28911 ; 0 ; 0
329663000 ; 0.00200137 ; 3.28911 ; 0 ; 0
329757000 ; 0.00118502 ; 3.28964 ; 0 ; 0
329849000 ; 4.95412 ; 3.28911 ; 0 ; 0
329940000 ; 0.248751 ; 3.28888 ; 0 ; 0
330029000 ; 4.78246 ; 3.28903 ; 0 ; 0
330118000 ; 0.00218829 ; 3.29155 ; 0 ; 0
330210000 ; 0.000971399 ; 3.28896 ; 0 ; 0
330294000 ; 4.94316 ; 3.28857 ; 0 ; 0
330386000 ; 4.92246 ; 3.28949 ; 0 ; 0
330475000 ; 4.83237 ; 3.28911 ; 0 ; 0
330569000 ; 4.87011 ; 3.28949 ; 0 ; 0
330661000 ; 4.84211 ; 3.28911 ; 0 ; 0
330743000 ; 4.8482 ; 3.29224 ; 0 ; 0
330834000 ; 0.0820299 ; 3.28972 ; 0 ; 0
330918000 ; 0.00171526 ; 3.28918 ; 0 ; 0
331007000 ; 0.00192889 ; 3.28918 ; 0 ; 0
331104000 ; 0.00156268 ; 3.28911 ; 0 ; 0
331195000 ; 0.00089129 ; 3.28888 ; 0 ; 0
331292000 ; 0.00112017 ; 3.28911 ; 0 ; 0
331379000 ; 0.00122317 ; 3.28911 ; 0 ; 0
331477000 ; 0.00168093 ; 3.28934 ; 0 ; 0
331561000 ; 0.00127657 ; 3.28926 ; 0 ; 0
331650000 ; 0.00137957 ; 3.28896 ; 0 ; 0
331741000 ; 4.92977 ; 3.28964 ; 0 ; 0
331832000 ; 4.92368 ; 3.28911 ; 0 ; 0
331916000 ; 4.85672 ; 3.28934 ; 0 ; 0
331998000 ; 4.83968 ; 3.28949 ; 0 ; 0
332089000 ; 4.86159 ; 3.29147 ; 0 ; 0
332187000 ; 4.5694 ; 3.28995 ; 0 ; 0
332286000 ; 4.91881 ; 3.28926 ; 0 ; 0
332373000 ; 0.000536523 ; 3.28911 ; 0 ; 0
332464000 ; 0.00123843 ; 3.28926 ; 0 ; 0
332551000 ; 0.00196322 ; 3.28888 ; 0 ; 0
332638000 ; 0.00202426 ; 3.28911 ; 0 ; 0
332721000 ; 0.000734888 ; 3.28941 ; 0 ; 0
332817000 ; 0.00129565 ; 3.28918 ; 0 ; 0
332907000 ; 0.00173434 ; 3.28972 ; 0 ; 0
332995000 ; 4.89568 ; 3.29193 ; 0 ; 0
333087000 ; 0.0818926 ; 3.28896 ; 0 ; 0
333173000 ; 0.00115832 ; 3.28918 ; 0 ; 0
333260000 ; 0.00233706 ; 3.28873 ; 0 ; 0
333354000 ; 0.00134142 ; 3.2888 ; 0 ; 0
333446000 ; 0.00196703 ; 3.29117 ; 0 ; 0
333538000 ; 0.00110491 ; 3.28896 ; 0 ; 0
333629000 ; 0.00176486 ; 3.28873 ; 0 ; 0
333720000 ; 0.00183734 ; 3.28941 ; 0 ; 0
333807000 ; 0.0013872 ; 3.28972 ; 0 ; 0
333896000 ; 0.000757776 ; 3.29124 ; 0 ; 0
333989000 ; 0.00227221 ; 3.2888 ; 0 ; 0
334088000 ; 4.90907 ; 3.28873 ; 0 ; 0
334179000 ; 4.89568 ; 3.28941 ; 0 ; 0
334271000 ; 4.85672 ; 3.28949 ; 0 ; 0
334355000 ; 4.84211 ; 3.28926 ; 0 ; 0
334444000 ; 4.87985 ; 3.29201 ; 0 ; 0
334534000 ; 0.00577029 ; 3.28987 ; 0 ; 0
334624000 ; 0.00109347 ; 3.28987 ; 0 ; 0
334712000 ; 0.00141009 ; 3.28918 ; 0 ; 0
334801000 ; 0.0012041 ; 3.28896 ; 0 ; 0
334890000 ; 0.00186404 ; 3.29155 ; 0 ; 0
334974000 ; 0.00212344 ; 3.2888 ; 0 ; 0
335060000 ; 4.89325 ; 3.28911 ; 0 ; 0
335155000 ; 0.0903421 ; 3.29132 ; 0 ; 0
335253000 ; 0.00137957 ; 3.29102 ; 0 ; 0
335339000 ; 0.00160464 ; 3.28918 ; 0 ; 0
335421000 ; 0.00197085 ; 3.28918 ; 0 ; 0
335515000 ; 0.00210436 ; 3.28865 ; 0 ; 0
335609000 ; 0.00138339 ; 3.28926 ; 0 ; 0
335695000 ; 0.00109728 ; 3.28911 ; 0 ; 0
335784000 ; 4.85307 ; 3.28926 ; 0 ; 0
335877000 ; -7.7643e-05 ; 3.28911 ; 0 ; 0
335964000 ; 0.00192889 ; 3.2888 ; 0 ; 0
336052000 ; 0.00147112 ; 3.29201 ; 0 ; 0
336145000 ; 0.00118884 ; 3.28888 ; 0 ; 0
336234000 ; 0.000921808 ; 3.28926 ; 0 ; 0
336319000 ; 4.91638 ; 3.28941 ; 0 ; 0
336407000 ; 4.83846 ; 3.28949 ; 0 ; 0
336498000 ; 4.86646 ; 3.28972 ; 0 ; 0
336587000 ; 4.88351 ; 3.28934 ; 0 ; 0
336688000 ; 4.85307 ; 3.28941 ; 0 ; 0
336779000 ; 0.00203951 ; 3.28911 ; 0 ; 0
336873000 ; 0.00151309 ; 3.28896 ; 0 ; 0
336959000 ; 0.0034891 ; 3.29102 ; 0 ; 0
337045000 ; 0.00163134 ; 3.29185 ; 0 ; 0
337137000 ; 0.0028139 ; 3.29155 ; 0 ; 0
337229000 ; 0.00142153 ; 3.28896 ; 0 ; 0
337318000 ; 0.00260409 ; 3.28918 ; 0 ; 0
337406000 ; 4.91516 ; 3.28918 ; 0 ; 0
337494000 ; 0.00139864 ; 3.28873 ; 0 ; 0
337584000 ; 4.91272 ; 3.28934 ; 0 ; 0
337672000 ; 0.00149401 ; 3.2888 ; 0 ; 0
337759000 ; 4.85916 ; 3.28949 ; 0 ; 0
337855000 ; 0.00177249 ; 3.28926 ; 0 ; 0
337943000 ; 4.98212 ; 3.28964 ; 0 ; 0
338028000 ; 0.00152072 ; 3.28949 ; 0 ; 0
338120000 ; 4.91516 ; 3.28949 ; 0 ; 0
338204000 ; 4.88959 ; 3.28888 ; 0 ; 0
338292000 ; 4.9249 ; 3.28934 ; 0 ; 0
338385000 ; 4.88594 ; 3.2888 ; 0 ; 0
338472000 ; 4.88472 ; 3.28903 ; 0 ; 0
338554000 ; 0.000818811 ; 3.2888 ; 0 ; 0
338653000 ; 4.87864 ; 3.28911 ; 0 ; 0
338735000 ; 4.85063 ; 3.2914 ; 0 ; 0
338821000 ; 0.00163897 ; 3.29254 ; 0 ; 0
338909000 ; 4.98455 ; 3.2914 ; 0 ; 0
338997000 ; 0.00146349 ; 3.28957 ; 0 ; 0
339098000 ; 4.96629 ; 3.29002 ; 0 ; 0
339182000 ; 0.00271853 ; 3.28964 ; 0 ; 0
339275000 ; 0.00126895 ; 3.28918 ; 0 ; 0
339358000 ; 0.0016199 ; 3.28903 ; 0 ; 0
339446000 ; 4.96751 ; 3.29163 ; 0 ; 0
339530000 ; 0.248751 ; 3.28979 ; 0 ; 0
339618000 ; 4.91394 ; 3.28918 ; 0 ; 0
339704000 ; 0.248751 ; 3.28926 ; 0 ; 0
339793000 ; 0.00147875 ; 3.28857 ; 0 ; 0
339891000 ; 4.9322 ; 3.28957 ; 0 ; 0
339985000 ; 0.00213488 ; 3.28918 ; 0 ; 0
340074000 ; 4.88838 ; 3.28964 ; 0 ; 0
340164000 ; 4.87133 ; 3.29231 ; 0 ; 0
340253000 ; 0.079188 ; 3.28842 ; 0 ; 0
340349000 ; 0.00272234 ; 3.28934 ; 0 ; 0
340433000 ; 4.92733 ; 3.28918 ; 0 ; 0
340526000 ; 0.00172671 ; 3.28857 ; 0 ; 0
340618000 ; 4.87377 ; 3.28926 ; 0 ; 0
340711000 ; 0.00163897 ; 3.28926 ; 0 ; 0
340798000 ; 4.80802 ; 3.29086 ; 0 ; 0
340888000 ; 4.97238 ; 3.28873 ; 0 ; 0
340985000 ; 0.00525149 ; 3.28941 ; 0 ; 0
341071000 ; 0.00169238 ; 3.28896 ; 0 ; 0
341158000 ; 4.92246 ; 3.28911 ; 0 ; 0
341242000 ; 0.00151309 ; 3.28873 ; 0 ; 0
341330000 ; 4.93464 ; 3.28918 ; 0 ; 0
341418000 ; 0.0012842 ; 3.2888 ; 0 ; 0
341507000 ; 0.00146731 ; 3.28949 ; 0 ; 0
341593000 ; 0.00136431 ; 3.28911 ; 0 ; 0
341686000 ; 0.00133761 ; 3.2888 ; 0 ; 0
341774000 ; 0.00232562 ; 3.28941 ; 0 ; 0
341871000 ; 0.00225314 ; 3.29124 ; 0 ; 0
341967000 ; 0.00146731 ; 3.28903 ; 0 ; 0
342062000 ; 0.00173434 ; 3.29117 ; 0 ; 0
342151000 ; 0.00134905 ; 3.28873 ; 0 ; 0
342238000 ; 0.00197466 ; 3.28888 ; 0 ; 0
342322000 ; 0.00129565 ; 3.2888 ; 0 ; 0
342417000 ; 0.00247057 ; 3.28888 ; 0 ; 0
342500000 ; 0.00162371 ; 3.28911 ; 0 ; 0
342598000 ; 0.00164279 ; 3.28926 ; 0 ; 0
342689000 ; 0.00159319 ; 3.28926 ; 0 ; 0
342782000 ; 0.00184878 ; 3.28888 ; 0 ; 0
342869000 ; 0.00200137 ; 3.28865 ; 0 ; 0
342959000 ; 0.00148638 ; 3.29178 ; 0 ; 0
343046000 ; 0.00165041 ; 3.2914 ; 0 ; 0
343139000 ; 0.0018793 ; 3.28873 ; 0 ; 0
343227000 ; 0.00168093 ; 3.28918 ; 0 ; 0
343323000 ; 0.00224551 ; 3.28918 ; 0 ; 0
343412000 ; 0.00156268 ; 3.28835 ; 0 ; 0
343498000 ; 0.00204714 ; 3.28911 ; 0 ; 0
343594000 ; 0.00245532 ; 3.28987 ; 0 ; 0
343680000 ; 0.00273379 ; 3.29056 ; 0 ; 0
343768000 ; 0.00141009 ; 3.29147 ; 0 ; 0
343851000 ; 0.00103625 ; 3.28896 ; 0 ; 0
343945000 ; 0.00178011 ; 3.28842 ; 0 ; 0
344036000 ; 0.00130328 ; 3.28888 ; 0 ; 0
344125000 ; 0.00206622 ; 3.28896 ; 0 ; 0
344215000 ; 0.00130328 ; 3.28934 ; 0 ; 0
344304000 ; 0.00196322 ; 3.28949 ; 0 ; 0
344392000 ; 0.00128039 ; 3.29163 ; 0 ; 0
344488000 ; 0.0025545 ; 3.2888 ; 0 ; 0
344575000 ; 0.00142153 ; 3.28888 ; 0 ; 0
344670000 ; 0.00231036 ; 3.28888 ; 0 ; 0
344762000 ; 0.00165804 ; 3.29041 ; 0 ; 0
344854000 ; 0.00115069 ; 3.28972 ; 0 ; 0
344945000 ; 0.00126895 ; 3.2914 ; 0 ; 0
345037000 ; 0.00126513 ; 3.28888 ; 0 ; 0
345121000 ; 0.00183734 ; 3.28888 ; 0 ; 0
345210000 ; 0.00162753 ; 3.2888 ; 0 ; 0
345298000 ; 0.00108965 ; 3.2888 ; 0 ; 0
345385000 ; 0.00172289 ; 3.28865 ; 0 ; 0
345477000 ; 0.000963769 ; 3.28957 ; 0 ; 0
345573000 ; 0.000856958 ; 3.28926 ; 0 ; 0
345662000 ; 0.0016733 ; 3.28896 ; 0 ; 0
345745000 ; 0.00160845 ; 3.28873 ; 0 ; 0
345835000 ; 0.0022951 ; 3.28911 ; 0 ; 0
345923000 ; 0.000593744 ; 3.29224 ; 0 ; 0
346009000 ; 0.00109728 ; 3.28918 ; 0 ; 0
346107000 ; 0.00114306 ; 3.28888 ; 0 ; 0
346197000 ; 0.00248202 ; 3.28896 ; 0 ; 0
346291000 ; 0.00165041 ; 3.28865 ; 0 ; 0
346387000 ; 0.00129183 ; 3.28903 ; 0 ; 0
346471000 ; 0.00226458 ; 3.29117 ; 0 ; 0
346559000 ; 0.00127657 ; 3.28857 ; 0 ; 0
346648000 ; 0.00118884 ; 3.28911 ; 0 ; 0
346736000 ; 0.000422082 ; 3.28995 ; 0 ; 0
346826000 ; 0.00210818 ; 3.28926 ; 0 ; 0
346917000 ; 0.00208148 ; 3.29132 ; 0 ; 0
347008000 ; 0.00142535 ; 3.29185 ; 0 ; 0
347096000 ; 0.00141009 ; 3.29155 ; 0 ; 0
347183000 ; 0.00203951 ; 3.29147 ; 0 ; 0
347267000 ; 0.00198611 ; 3.28934 ; 0 ; 0
347351000 ; 0.00123461 ; 3.2901 ; 0 ; 0
347446000 ; 0.00144442 ; 3.28888 ; 0 ; 0
347549000 ; 0.00135287 ; 3.28934 ; 0 ; 0
347630000 ; 0.00128039 ; 3.29147 ; 0 ; 0
347721000 ; 0.00212344 ; 3.28918 ; 0 ; 0
347808000 ; 0.000883661 ; 3.28949 ; 0 ; 0
347897000 ; 0.00162371 ; 3.2888 ; 0 ; 0
347989000 ; 0.00162753 ; 3.28903 ; 0 ; 0
348080000 ; 0.00300082 ; 3.28911 ; 0 ; 0
348180000 ; 0.00182971 ; 3.28918 ; 0 ; 0
348269000 ; 0.000521265 ; 3.29147 ; 0 ; 0
348360000 ; 0.0016466 ; 3.28918 ; 0 ; 0
348454000 ; 0.00157031 ; 3.28926 ; 0 ; 0
348544000 ; 0.002009 ; 3.28896 ; 0 ; 0
348634000 ; 0.00169619 ; 3.28903 ; 0 ; 0
348726000 ; 0.00191744 ; 3.2888 ; 0 ; 0
348825000 ; 0.00108584 ; 3.28911 ; 0 ; 0
348927000 ; 0.00166567 ; 3.28949 ; 0 ; 0
349020000 ; 0.000593744 ; 3.28903 ; 0 ; 0
349109000 ; 0.00134142 ; 3.28949 ; 0 ; 0
349202000 ; 0.00207766 ; 3.28911 ; 0 ; 0
349293000 ; 0.00184878 ; 3.29216 ; 0 ; 0
349381000 ; 0.00222643 ; 3.28926 ; 0 ; 0
349473000 ; 0.00181826 ; 3.28918 ; 0 ; 0
349560000 ; 0.00162753 ; 3.28896 ; 0 ; 0
349650000 ; 0.00198611 ; 3.29185 ; 0 ; 0
349738000 ; 0.00166186 ; 3.29109 ; 0 ; 0
349825000 ; 0.00273379 ; 3.28979 ; 0 ; 0
349914000 ; 0.00200518 ; 3.28926 ; 0 ; 0
350009000 ; 0.00239047 ; 3.28911 ; 0 ; 0
350109000 ; 0.00231036 ; 3.28926 ; 0 ; 0
350203000 ; 0.00121554 ; 3.28903 ; 0 ; 0
350285000 ; 0.00203188 ; 3.2917 ; 0 ; 0
350378000 ; 0.000921808 ; 3.28957 ; 0 ; 0
350461000 ; 0.00266131 ; 3.28911 ; 0 ; 0
350559000 ; 0.00149401 ; 3.28964 ; 0 ; 0
350643000 ; 0.00132235 ; 3.28903 ; 0 ; 0
350730000 ; 0.00137576 ; 3.28918 ; 0 ; 0
350820000 ; 0.00232943 ; 3.28918 ; 0 ; 0
350913000 ; 0.00145205 ; 3.28987 ; 0 ; 0
351008000 ; 0.00148257 ; 3.28918 ; 0 ; 0
351096000 ; 0.00179919 ; 3.28903 ; 0 ; 0
351179000 ; 0.00198229 ; 3.28903 ; 0 ; 0
351267000 ; 0.00177249 ; 3.28903 ; 0 ; 0
351361000 ; 0.00171526 ; 3.29117 ; 0 ; 0
351454000 ; 0.00126895 ; 3.28903 ; 0 ; 0
351539000 ; 0.00141772 ; 3.28934 ; 0 ; 0
351630000 ; 0.00213488 ; 3.28903 ; 0 ; 0
351716000 ; 0.00145968 ; 3.28865 ; 0 ; 0
351809000 ; 0.00113543 ; 3.28926 ; 0 ; 0
351900000 ; 0.000578485 ; 3.29033 ; 0 ; 0
351996000 ; 0.00166949 ; 3.29155 ; 0 ; 0
352089000 ; 0.00155886 ; 3.28918 ; 0 ; 0
352171000 ; 0.00116213 ; 3.28918 ; 0 ; 0
352266000 ; 0.00148257 ; 3.28903 ; 0 ; 0
352357000 ; 0.00190218 ; 3.2888 ; 0 ; 0
352448000 ; 0.000887475 ; 3.28995 ; 0 ; 0
352539000 ; 0.0016733 ; 3.28918 ; 0 ; 0
352627000 ; 0.000853143 ; 3.28941 ; 0 ; 0
352716000 ; 0.00119265 ; 3.28865 ; 0 ; 0
352799000 ; 0.000567041 ; 3.29048 ; 0 ; 0
352885000 ; 0.00153597 ; 3.2888 ; 0 ; 0
352980000 ; 0.00105532 ; 3.28888 ; 0 ; 0
353072000 ; 0.00227984 ; 3.28903 ; 0 ; 0
353160000 ; 0.00147875 ; 3.28903 ; 0 ; 0
353248000 ; 0.00299319 ; 3.28934 ; 0 ; 0
353352000 ; 0.00247057 ; 3.28926 ; 0 ; 0
353435000 ; 0.00182971 ; 3.29041 ; 0 ; 0
353521000 ; 0.00207385 ; 3.28926 ; 0 ; 0
353615000 ; 0.000429712 ; 3.28934 ; 0 ; 0
353701000 ; 0.00169619 ; 3.29124 ; 0 ; 0
353789000 ; 0.00150164 ; 3.28934 ; 0 ; 0
353884000 ; 0.00141009 ; 3.28896 ; 0 ; 0
353977000 ; 0.00144442 ; 3.28903 ; 0 ; 0
354061000 ; 0.00116976 ; 3.28873 ; 0 ; 0
354155000 ; 0.00165804 ; 3.28926 ; 0 ; 0
354241000 ; 0.001906 ; 3.29185 ; 0 ; 0
354332000 ; 0.000795923 ; 3.28964 ; 0 ; 0
354420000 ; 0.0020624 ; 3.28903 ; 0 ; 0
354508000 ; 0.000971399 ; 3.2888 ; 0 ; 0
354599000 ; 0.00154742 ; 3.28934 ; 0 ; 0
354688000 ; 0.00104769 ; 3.29208 ; 0 ; 0
354776000 ; 0.00112017 ; 3.2917 ; 0 ; 0
354863000 ; 0.00124606 ; 3.28934 ; 0 ; 0
354950000 ; 0.00176104 ; 3.29086 ; 0 ; 0
355044000 ; 0.00156268 ; 3.28926 ; 0 ; 0
355140000 ; 0.0013338 ; 3.28934 ; 0 ; 0
355230000 ; 0.00156268 ; 3.28941 ; 0 ; 0
355317000 ; 0.00170001 ; 3.28888 ; 0 ; 0
355407000 ; 0.00208911 ; 3.28903 ; 0 ; 0
355497000 ; 0.00109728 ; 3.29132 ; 0 ; 0
355586000 ; 0.00141772 ; 3.28926 ; 0 ; 0
355674000 ; 0.00169238 ; 3.28918 ; 0 ; 0
355764000 ; 0.00113925 ; 3.2888 ; 0 ; 0
355856000 ; 0.00232943 ; 3.2917 ; 0 ; 0
355943000 ; 0.0020624 ; 3.29117 ; 0 ; 0
356038000 ; 0.0024515 ; 3.28941 ; 0 ; 0
356125000 ; 0.000807367 ; 3.28926 ; 0 ; 0
356223000 ; 0.000860773 ; 3.28888 ; 0 ; 0
356314000 ; 0.00129946 ; 3.28896 ; 0 ; 0
356400000 ; 0.0023981 ; 3.28918 ; 0 ; 0
356486000 ; 0.00132998 ; 3.28888 ; 0 ; 0
356570000 ; 0.00174197 ; 3.28911 ; 0 ; 0
356666000 ; 0.00207003 ; 3.28934 ; 0 ; 0
356753000 ; 0.00107821 ; 3.28926 ; 0 ; 0
356843000 ; 0.00149401 ; 3.28949 ; 0 ; 0
356930000 ; 0.0024248 ; 3.28995 ; 0 ; 0
357018000 ; 0.00142535 ; 3.29102 ; 0 ; 0
357104000 ; 0.00117358 ; 3.28964 ; 0 ; 0
357199000 ; 0.00250872 ; 3.28918 ; 0 ; 0
357299000 ; 0.000750146 ; 3.28888 ; 0 ; 0
357385000 ; 0.00194415 ; 3.28888 ; 0 ; 0
357473000 ; 0.00112399 ; 3.28888 ; 0 ; 0
357559000 ; 0.00118502 ; 3.28918 ; 0 ; 0
357656000 ; 0.000990472 ; 3.28995 ; 0 ; 0
357746000 ; 0.00104769 ; 3.29178 ; 0 ; 0
357840000 ; 0.00325259 ; 3.28911 ; 0 ; 0
357933000 ; 0.00159319 ; 3.28896 ; 0 ; 0
358015000 ; 0.00161227 ; 3.28896 ; 0 ; 0
358102000 ; 0.00139483 ; 3.28934 ; 0 ; 0
358188000 ; 0.00232562 ; 3.28926 ; 0 ; 0
358288000 ; 0.00240572 ; 3.29155 ; 0 ; 0
358381000 ; 0.00112017 ; 3.28903 ; 0 ; 0
358470000 ; 0.00155505 ; 3.28949 ; 0 ; 0
358552000 ; 0.00122698 ; 3.28888 ; 0 ; 0
358646000 ; 0.00156268 ; 3.28888 ; 0 ; 0
358742000 ; 0.00118121 ; 3.28888 ; 0 ; 0
358835000 ; 0.00121172 ; 3.28911 ; 0 ; 0
358922000 ; 0.000635705 ; 3.29201 ; 0 ; 0
359006000 ; 0.00149783 ; 3.2888 ; 0 ; 0
359090000 ; 0.00123843 ; 3.28934 ; 0 ; 0
359174000 ; 0.0010744 ; 3.2917 ; 0 ; 0
359262000 ; 0.0022951 ; 3.28903 ; 0 ; 0
359357000 ; 0.00064715 ; 3.28926 ; 0 ; 0
359443000 ; 0.00296267 ; 3.28911 ; 0 ; 0
359541000 ; 0.00143679 ; 3.28896 ; 0 ; 0
359628000 ; 0.00145968 ; 3.28918 ; 0 ; 0
359714000 ; 0.000967584 ; 3.28896 ; 0 ; 0
359813000 ; 0.00218447 ; 3.28918 ; 0 ; 0
359905000 ; 0.000952325 ; 3.29033 ; 0 ; 0
