#Time (us) ; Current (mA) ; Voltage (V) ; PC ; IRQ 
75343000 ; 4.4956 ; 3.28873 ; 0 ; 0
75437000 ; 4.51021 ; 3.2885 ; 0 ; 0
75530000 ; 4.49803 ; 3.28835 ; 0 ; 0
75613000 ; 4.51873 ; 3.29056 ; 0 ; 0
75705000 ; 4.49803 ; 3.28995 ; 0 ; 0
75793000 ; 4.5029 ; 3.28819 ; 0 ; 0
75882000 ; 4.49316 ; 3.28827 ; 0 ; 0
75975000 ; 4.50047 ; 3.28827 ; 0 ; 0
76063000 ; 4.51021 ; 3.29109 ; 0 ; 0
76156000 ; 4.50656 ; 3.28857 ; 0 ; 0
76250000 ; 4.49073 ; 3.2885 ; 0 ; 0
76334000 ; 4.50899 ; 3.28819 ; 0 ; 0
76426000 ; 15.779 ; 3.29117 ; 0 ; 0
76512000 ; 15.8727 ; 3.29117 ; 0 ; 0
76604000 ; 4.50656 ; 3.2888 ; 0 ; 0
76695000 ; 4.48099 ; 3.28903 ; 0 ; 0
76787000 ; 4.48829 ; 3.28865 ; 0 ; 0
76877000 ; 4.49925 ; 3.28865 ; 0 ; 0
76959000 ; 4.50656 ; 3.29094 ; 0 ; 0
77051000 ; 4.49803 ; 3.29018 ; 0 ; 0
77140000 ; 4.4956 ; 3.28842 ; 0 ; 0
77236000 ; 15.6889 ; 3.29117 ; 0 ; 0
77321000 ; 15.8058 ; 3.29178 ; 0 ; 0
77418000 ; 15.7887 ; 3.29124 ; 0 ; 0
77501000 ; 15.8265 ; 3.2917 ; 0 ; 0
77595000 ; 15.8252 ; 3.29193 ; 0 ; 0
77683000 ; 15.8545 ; 3.29117 ; 0 ; 0
77779000 ; 15.8593 ; 3.29124 ; 0 ; 0
77868000 ; 4.51386 ; 3.28934 ; 0 ; 0
77958000 ; 4.49925 ; 3.28873 ; 0 ; 0
78046000 ; 4.49438 ; 3.28842 ; 0 ; 0
78136000 ; 4.47734 ; 3.2885 ; 0 ; 0
78224000 ; 4.5029 ; 3.29025 ; 0 ; 0
78313000 ; 4.50047 ; 3.28857 ; 0 ; 0
78401000 ; 4.48221 ; 3.29163 ; 0 ; 0
78493000 ; 15.6195 ; 3.29132 ; 0 ; 0
78582000 ; 15.6889 ; 3.29132 ; 0 ; 0
78677000 ; 15.7242 ; 3.29163 ; 0 ; 0
78765000 ; 15.7778 ; 3.29155 ; 0 ; 0
78853000 ; 15.7826 ; 3.29102 ; 0 ; 0
78936000 ; 15.7875 ; 3.2933 ; 0 ; 0
79028000 ; 15.7899 ; 3.2917 ; 0 ; 0
79120000 ; 4.52117 ; 3.29056 ; 0 ; 0
79216000 ; 4.50047 ; 3.28926 ; 0 ; 0
79304000 ; 4.49925 ; 3.29056 ; 0 ; 0
79399000 ; 4.51508 ; 3.28835 ; 0 ; 0
79484000 ; 15.7632 ; 3.29308 ; 0 ; 0
79570000 ; 15.8009 ; 3.29262 ; 0 ; 0
79667000 ; 4.48586 ; 3.2885 ; 0 ; 0
79758000 ; 4.47368 ; 3.28865 ; 0 ; 0
79842000 ; 4.50169 ; 3.29124 ; 0 ; 0
79936000 ; 4.49073 ; 3.2885 ; 0 ; 0
80024000 ; 4.49803 ; 3.28865 ; 0 ; 0
80118000 ; 4.51508 ; 3.28835 ; 0 ; 0
80208000 ; 4.50047 ; 3.2888 ; 0 ; 0
80302000 ; 4.49682 ; 3.28819 ; 0 ; 0
80389000 ; 4.49073 ; 3.28842 ; 0 ; 0
80478000 ; 4.50899 ; 3.28827 ; 0 ; 0
80570000 ; 4.49682 ; 3.28857 ; 0 ; 0
80662000 ; 4.49073 ; 3.28835 ; 0 ; 0
80745000 ; 15.8545 ; 3.29163 ; 0 ; 0
80836000 ; 4.50534 ; 3.28873 ; 0 ; 0
80926000 ; 15.8119 ; 3.29155 ; 0 ; 0
81017000 ; 15.8703 ; 3.29163 ; 0 ; 0
81107000 ; 15.8374 ; 3.29163 ; 0 ; 0
81196000 ; 15.9117 ; 3.29155 ; 0 ; 0
81289000 ; 4.51143 ; 3.29109 ; 0 ; 0
81379000 ; 15.9105 ; 3.29185 ; 0 ; 0
81468000 ; 4.49803 ; 3.28873 ; 0 ; 0
81559000 ; 15.9336 ; 3.29163 ; 0 ; 0
81648000 ; 4.50656 ; 3.28957 ; 0 ; 0
81737000 ; 15.9409 ; 3.29376 ; 0 ; 0
81827000 ; 4.50777 ; 3.28873 ; 0 ; 0
81922000 ; 15.8959 ; 3.29132 ; 0 ; 0
82011000 ; 4.49316 ; 3.28865 ; 0 ; 0
82095000 ; 15.9373 ; 3.29353 ; 0 ; 0
82185000 ; 4.51021 ; 3.28896 ; 0 ; 0
82280000 ; 15.9689 ; 3.29155 ; 0 ; 0
82369000 ; 4.4956 ; 3.28873 ; 0 ; 0
82462000 ; 15.9397 ; 3.29147 ; 0 ; 0
82548000 ; 15.9068 ; 3.29124 ; 0 ; 0
82638000 ; 15.8606 ; 3.29155 ; 0 ; 0
82727000 ; 15.9117 ; 3.29155 ; 0 ; 0
82811000 ; 14.7685 ; 3.29041 ; 0 ; 0
82911000 ; 15.9275 ; 3.29155 ; 0 ; 0
83000000 ; 4.50777 ; 3.2885 ; 0 ; 0
83090000 ; 4.4956 ; 3.28873 ; 0 ; 0
83180000 ; 4.50169 ; 3.28903 ; 0 ; 0
83274000 ; 4.50169 ; 3.28865 ; 0 ; 0
83359000 ; 4.50656 ; 3.28873 ; 0 ; 0
83450000 ; 4.50412 ; 3.28796 ; 0 ; 0
83538000 ; 4.51143 ; 3.2888 ; 0 ; 0
83627000 ; 4.48829 ; 3.28857 ; 0 ; 0
83716000 ; 4.50777 ; 3.28842 ; 0 ; 0
83804000 ; 4.48708 ; 3.2885 ; 0 ; 0
83895000 ; 4.49803 ; 3.28865 ; 0 ; 0
83988000 ; 15.7559 ; 3.29109 ; 0 ; 0
84073000 ; 15.8423 ; 3.29109 ; 0 ; 0
84170000 ; 4.49316 ; 3.28857 ; 0 ; 0
84254000 ; 4.47247 ; 3.28873 ; 0 ; 0
84344000 ; 4.49316 ; 3.28819 ; 0 ; 0
84433000 ; 4.50412 ; 3.28857 ; 0 ; 0
84530000 ; 4.5029 ; 3.2885 ; 0 ; 0
84618000 ; 4.51264 ; 3.28987 ; 0 ; 0
84709000 ; 4.49195 ; 3.28865 ; 0 ; 0
84800000 ; 4.49682 ; 3.29147 ; 0 ; 0
84891000 ; 4.48708 ; 3.28918 ; 0 ; 0
84984000 ; 4.47977 ; 3.28888 ; 0 ; 0
85073000 ; 4.48586 ; 3.28873 ; 0 ; 0
85155000 ; 4.47977 ; 3.28842 ; 0 ; 0
85244000 ; 4.48221 ; 3.29102 ; 0 ; 0
85333000 ; 4.50899 ; 3.2888 ; 0 ; 0
85422000 ; 4.48829 ; 3.28888 ; 0 ; 0
85515000 ; 4.48829 ; 3.28979 ; 0 ; 0
85609000 ; 4.47734 ; 3.28903 ; 0 ; 0
85697000 ; 4.48464 ; 3.2888 ; 0 ; 0
85785000 ; 4.48708 ; 3.28918 ; 0 ; 0
85873000 ; 4.4956 ; 3.29033 ; 0 ; 0
85969000 ; 4.48951 ; 3.28888 ; 0 ; 0
86058000 ; 4.48342 ; 3.2914 ; 0 ; 0
86148000 ; 4.48708 ; 3.28911 ; 0 ; 0
86238000 ; 4.49316 ; 3.28903 ; 0 ; 0
86322000 ; 4.49316 ; 3.2885 ; 0 ; 0
86413000 ; 4.5029 ; 3.28865 ; 0 ; 0
86501000 ; 4.46881 ; 3.28873 ; 0 ; 0
86589000 ; 4.47612 ; 3.28911 ; 0 ; 0
86690000 ; 4.50534 ; 3.28865 ; 0 ; 0
86778000 ; 4.48829 ; 3.28865 ; 0 ; 0
86870000 ; 4.49438 ; 3.28896 ; 0 ; 0
86959000 ; 4.50169 ; 3.28964 ; 0 ; 0
87055000 ; 4.49803 ; 3.28903 ; 0 ; 0
87157000 ; 4.48464 ; 3.28903 ; 0 ; 0
87253000 ; 4.50169 ; 3.28865 ; 0 ; 0
87349000 ; 4.4956 ; 3.28865 ; 0 ; 0
87439000 ; 4.50169 ; 3.2888 ; 0 ; 0
87523000 ; 4.49438 ; 3.28896 ; 0 ; 0
87621000 ; 4.49682 ; 3.2888 ; 0 ; 0
87709000 ; 4.49438 ; 3.28865 ; 0 ; 0
87793000 ; 4.48342 ; 3.29056 ; 0 ; 0
87882000 ; 4.48586 ; 3.28873 ; 0 ; 0
87972000 ; 4.50656 ; 3.28842 ; 0 ; 0
88056000 ; 4.49803 ; 3.28857 ; 0 ; 0
88151000 ; 4.50899 ; 3.28857 ; 0 ; 0
88239000 ; 4.50412 ; 3.29079 ; 0 ; 0
88328000 ; 4.4956 ; 3.28865 ; 0 ; 0
88417000 ; 4.48829 ; 3.28873 ; 0 ; 0
88505000 ; 4.49316 ; 3.2914 ; 0 ; 0
88596000 ; 4.50534 ; 3.28957 ; 0 ; 0
88691000 ; 4.48586 ; 3.28896 ; 0 ; 0
88782000 ; 4.46638 ; 3.28918 ; 0 ; 0
